Population: 0  Node Count: 393
1.828309063254372e-111 1.828309063254372e-111
Generation # 0  Max Fitness: 3.30011220381493e-05
New Best Fitness
Generation # 1  Max Fitness: 4.6572280178837556e-05
New Best Fitness
Generation # 2  Max Fitness: 4.6572280178837556e-05
Generation # 3  Max Fitness: 0.0002918004085205719
New Best Fitness
Generation # 4  Max Fitness: 0.0002918004085205719
Generation # 5  Max Fitness: 0.0002918004085205719
Generation # 6  Max Fitness: 0.0002918004085205719
Generation # 7  Max Fitness: 0.0002918004085205719
Generation # 8  Max Fitness: 0.0002918004085205719
Generation # 9  Max Fitness: 0.0002918004085205719
Generation # 10  Max Fitness: 0.0002918004085205719
Generation # 11  Max Fitness: 0.0002918004085205719
Generation # 12  Max Fitness: 0.0002918004085205719
Generation # 13  Max Fitness: 0.0002918004085205719
Generation # 14  Max Fitness: 0.0002918004085205719
Generation # 15  Max Fitness: 0.0002918004085205719
Generation # 16  Max Fitness: 0.0002918004085205719
Generation # 17  Max Fitness: 0.0002918004085205719
Generation # 18  Max Fitness: 0.0002918004085205719
Generation # 19  Max Fitness: 0.0002918004085205719
Generation # 20  Max Fitness: 0.0002918004085205719
Generation # 21  Max Fitness: 0.0002918004085205719
Generation # 22  Max Fitness: 0.0002918004085205719
Generation # 23  Max Fitness: 0.0002918004085205719
Generation # 24  Max Fitness: 0.0002918004085205719
Generation # 25  Max Fitness: 0.0003284072249589491
New Best Fitness
Generation # 26  Max Fitness: 0.0003661662394727206
New Best Fitness
Generation # 27  Max Fitness: 0.0003661662394727206
Generation # 28  Max Fitness: 0.0003661662394727206
Generation # 29  Max Fitness: 0.0003661662394727206
Generation # 30  Max Fitness: 0.0003661662394727206
Generation # 31  Max Fitness: 0.0003661662394727206
Generation # 32  Max Fitness: 0.0003661662394727206
Generation # 33  Max Fitness: 0.0003762227238525207
New Best Fitness
Generation # 34  Max Fitness: 0.0003762227238525207
Generation # 35  Max Fitness: 0.0003762227238525207
Generation # 36  Max Fitness: 0.0003762227238525207
Generation # 37  Max Fitness: 0.0003762227238525207
Generation # 38  Max Fitness: 0.0003762227238525207
Generation # 39  Max Fitness: 0.0003762227238525207
Generation # 40  Max Fitness: 0.0003762227238525207
Generation # 41  Max Fitness: 0.0003762227238525207
Generation # 42  Max Fitness: 0.0003762227238525207
Generation # 43  Max Fitness: 0.0003661662394727206
Generation # 44  Max Fitness: 0.0003661662394727206
Generation # 45  Max Fitness: 0.0003661662394727206
Generation # 46  Max Fitness: 0.0003661662394727206
Generation # 47  Max Fitness: 0.0004288164665523156
New Best Fitness
Generation # 48  Max Fitness: 0.0004288164665523156
Generation # 49  Max Fitness: 0.0004288164665523156
[[6.04353549]
 [2.44105415]
 [4.33529618]
 [4.90774775]
 [5.69068699]
 [4.28231492]
 [4.18487652]
 [0.37233727]
 [6.14685994]
 [1.08641449]] 
 [[1.95288433]
 [0.27111414]
 [0.66678102]
 [1.17136692]
 [1.86148663]
 [0.62008083]
 [0.53419401]
 [1.91903116]
 [1.95216089]
 [1.35022377]]
Accuracy:  100.0 %
{(357, 286), (324, 20), (295, 75), (240, 69), (281, 93), (358, 141), (64, 32), (201, 43), (226, 95), (335, 118), (57, 44), (380, 346), (244, 101), (168, 71), (197, 85), (381, 107), (276, 207), (314, 262), (389, 360), (344, 87), (255, 220), (121, 5), (130, 99), (311, 70), (281, 23), (266, 167), (365, 95), (251, 137), (89, 71), (301, 144), (355, 211), (353, 327), (141, 135), (127, 98), (329, 191), (255, 57), (292, 53), (330, 192), (352, 264), (60, 57), (278, 96), (338, 311), (211, 191), (121, 61), (377, 171), (340, 281), (302, 106), (287, 242), (197, 112), (362, 177), (235, 197), (272, 73), (93, 63), (221, 106), (168, 138), (349, 85), (258, 20), (334, 315), (207, 43), (335, 230), (373, 351), (130, 43), (103, 74), (12, 11), (305, 23), (359, 220), (268, 157), (73, 51), (306, 296), (291, 68), (201, 198), (383, 298), (224, 161), (277, 153), (315, 90), (187, 23), (352, 86), (382, 7), (248, 39), (376, 92), (339, 336), (301, 99), (361, 264), (234, 6), (362, 83), (287, 16), (159, 69), (55, 20), (348, 2), (384, 337), (183, 67), (257, 197), (385, 8), (371, 163), (372, 136), (281, 207), (244, 83), (102, 17), (304, 88), (230, 218), (139, 25), (267, 44), (305, 241), (290, 135), (328, 46), (200, 25), (254, 172), (253, 155), (186, 84), (149, 64), (314, 1), (315, 312), (352, 180), (262, 225), (135, 109), (300, 44), (172, 103), (263, 184), (68, 16), (361, 42), (233, 87), (286, 235), (219, 132), (309, 266), (384, 127), (310, 253), (385, 298), (115, 87), (370, 296), (333, 180), (78, 73), (243, 10), (280, 0), (48, 44), (266, 127), (357, 62), (125, 50), (343, 127), (215, 176), (381, 168), (290, 105), (185, 133), (366, 196), (111, 3), (275, 263), (148, 127), (367, 117), (389, 371), (337, 66), (81, 52), (134, 62), (172, 133), (232, 168), (323, 243), (346, 176), (255, 94), (309, 44), (256, 168), (77, 0), (205, 203), (370, 10), (280, 222), (295, 73), (228, 188), (265, 142), (318, 314), (191, 8), (356, 73), (357, 272), (161, 109), (380, 87), (379, 312), (289, 16), (238, 109), (312, 239), (185, 103), (313, 154), (366, 38), (208, 64), (43, 1), (261, 218), (336, 21), (389, 21), (171, 84), (375, 172), (232, 70), (360, 155), (285, 196), (157, 25), (323, 273), (90, 44), (291, 229), (308, 155), (218, 25), (271, 17), (309, 206), (241, 136), (204, 20), (369, 83), (80, 10), (190, 67), (392, 150), (356, 175), (265, 104), (137, 85), (341, 221), (251, 83), (86, 16), (379, 6), (342, 142), (380, 309), (184, 24), (365, 39), (366, 256), (275, 195), (223, 153), (170, 23), (298, 224), (388, 98), (119, 88), (247, 7), (284, 51), (322, 250), (321, 129), (52, 23), (270, 74), (345, 11), (203, 165), (368, 356), (294, 124), (332, 263), (369, 189), (99, 20), (189, 138), (136, 106), (354, 203), (355, 126), (264, 63), (85, 73), (213, 4), (288, 165), (341, 63), (251, 177), (326, 301), (199, 49), (327, 252), (365, 329), (350, 167), (297, 57), (351, 138), (388, 384), (387, 187), (260, 203), (283, 122), (65, 53), (375, 272), (374, 57), (216, 135), (269, 131), (307, 112), (179, 61), (344, 124), (249, 105), (240, 61), (368, 66), (293, 13), (165, 114), (61, 33), (354, 45), (226, 96), (317, 151), (189, 108), (122, 49), (249, 193), (340, 232), (250, 106), (175, 41), (363, 185), (236, 73), (364, 150), (273, 209), (145, 14), (296, 142), (222, 12), (259, 2), (387, 89), (245, 181), (282, 161), (320, 20), (335, 311), (192, 47), (246, 150), (178, 78), (141, 90), (269, 101), (306, 27), (307, 270), (164, 141), (329, 202), (74, 15), (383, 27), (330, 149), (344, 154), (353, 220), (278, 157), (279, 204), (188, 27), (301, 276), (376, 299), (249, 35), (212, 145), (377, 214), (302, 23), (362, 258), (325, 158), (235, 16), (272, 38), (326, 233), (40, 2), (349, 8), (386, 50), (258, 73), (387, 375), (117, 28), (154, 22), (335, 85), (207, 158), (373, 130), (103, 25), (140, 101), (177, 159), (359, 115), (382, 208), (329, 36), (255, 162), (292, 184), (164, 99), (22, 1), (224, 222), (225, 139), (97, 64), (316, 294), (83, 21), (376, 9), (248, 212), (301, 54), (391, 180), (361, 347), (69, 42), (362, 36), (287, 103), (272, 196), (220, 138), (310, 268), (257, 176), (348, 119), (183, 54), (386, 340), (244, 0), (371, 270), (153, 71), (372, 125), (391, 197), (304, 245), (177, 121), (305, 140), (343, 332), (253, 206), (126, 36), (254, 121), (163, 58), (328, 251), (367, 314), (224, 60), (277, 46), (187, 160), (352, 225), (82, 54), (390, 263), (300, 129), (301, 216), (391, 90), (263, 15), (286, 180), (233, 162), (196, 50), (361, 117), (234, 141), (182, 101), (310, 46), (129, 111), (384, 172), (257, 82), (348, 149), (385, 133), (333, 199), (206, 111), (334, 160), (372, 275), (266, 128), (319, 308), (176, 14), (357, 193), (358, 282), (267, 217), (125, 101), (253, 16), (290, 26), (200, 132), (382, 364), (239, 237), (276, 89), (314, 148), (336, 324), (381, 219), (262, 92), (337, 29), (390, 33), (105, 9), (323, 94), (285, 277), (195, 139), (286, 86), (324, 301), (91, 42), (346, 229), (181, 164), (219, 17), (347, 68), (205, 30), (152, 86), (333, 41), (370, 223), (243, 151), (280, 139), (319, 234), (229, 104), (138, 41), (379, 343), (87, 30), (252, 223), (289, 67), (343, 240), (381, 317), (312, 284), (185, 18), (366, 83), (313, 69), (367, 254), (208, 157), (261, 173), (299, 118), (171, 35), (157, 76), (360, 104), (285, 55), (232, 19), (191, 10), (53, 11), (346, 7), (143, 137), (218, 74), (181, 70), (309, 177), (167, 55), (242, 116), (241, 219), (332, 246), (228, 39), (392, 291), (191, 189), (356, 252), (265, 59), (379, 181), (197, 70), (124, 112), (342, 59), (289, 173), (380, 234), (237, 175), (184, 69), (365, 122), (275, 110), (313, 295), (170, 120), (133, 116), (298, 53), (299, 276), (321, 252), (247, 122), (66, 57), (322, 175), (194, 98), (345, 246), (270, 183), (271, 154), (180, 49), (368, 305), (76, 66), (204, 143), (369, 200), (294, 9), (62, 53), (355, 13), (392, 1), (264, 76), (123, 57), (160, 45), (341, 98), (378, 374), (288, 82), (109, 6), (146, 16), (184, 163), (327, 83), (365, 156), (95, 55), (132, 67), (351, 89), (350, 240), (283, 169), (374, 234), (321, 30), (247, 152), (284, 134), (375, 327), (217, 93), (142, 28), (308, 268), (307, 223), (165, 133), (75, 11), (368, 31), (240, 202), (293, 80), (189, 31), (354, 94), (355, 235), (264, 170), (377, 295), (175, 92), (378, 72), (303, 11), (340, 157), (341, 324), (145, 89), (364, 107), (384, 41), (41, 24), (296, 219), (350, 18), (169, 83), (297, 166), (388, 267), (118, 30), (246, 67), (155, 0), (320, 193), (359, 288), (216, 18), (269, 56), (179, 134), (344, 199), (383, 174), (112, 99), (368, 253), (293, 178), (330, 38), (188, 72), (353, 143), (279, 99), (278, 206), (151, 52), (249, 78), (84, 9), (250, 241), (212, 70), (340, 115), (70, 44), (363, 50), (325, 225), (198, 113), (326, 186), (364, 265), (311, 306), (168, 36), (349, 251), (259, 143), (207, 205), (350, 332), (117, 79), (245, 58), (282, 52), (192, 186), (374, 342), (283, 277), (268, 71), (306, 142), (127, 58), (255, 241), (292, 77), (164, 48), (330, 280), (352, 304), (225, 38), (353, 105), (278, 40), (150, 103), (83, 64), (338, 255), (391, 267), (339, 42), (211, 119), (340, 337), (362, 137), (287, 202), (16, 7), (325, 3), (235, 141), (272, 145), (311, 208), (221, 82), (386, 137), (130, 19), (281, 101), (335, 222), (373, 279), (372, 34), (304, 258), (177, 20), (305, 95), (359, 228), (268, 165), (254, 10), (382, 95), (163, 73), (201, 158), (291, 28), (59, 40), (352, 30), (277, 209), (187, 95), (210, 84), (45, 21), (248, 95), (338, 33), (391, 41), (376, 148), (324, 220), (286, 257), (159, 29), (92, 80), (384, 281), (220, 29), (183, 139), (348, 202), (385, 112), (116, 94), (334, 13), (372, 192), (266, 213), (139, 33), (304, 96), (176, 91), (72, 28), (381, 14), (254, 228), (253, 67), (290, 207), (239, 144), (382, 313), (149, 120), (314, 57), (172, 47), (337, 232), (390, 114), (263, 128), (105, 84), (360, 279), (233, 47), (196, 165), (361, 226), (286, 35), (219, 204), (346, 342), (54, 15), (256, 114), (347, 51), (384, 39), (385, 274), (115, 15), (333, 124), (152, 3), (138, 122), (319, 185), (357, 118), (229, 59), (87, 77), (252, 140), (162, 100), (343, 39), (111, 59), (366, 252), (239, 118), (367, 173), (276, 236), (314, 283), (299, 197), (209, 71), (390, 156), (389, 331), (300, 282), (67, 33), (323, 203), (360, 53), (285, 106), (158, 136), (181, 41), (346, 104), (256, 144), (347, 209), (309, 100), (369, 313), (167, 74), (332, 139), (205, 147), (370, 82), (280, 278), (63, 53), (191, 64), (356, 1), (357, 296), (379, 224), (252, 82), (289, 216), (124, 37), (161, 21), (238, 37), (275, 29), (313, 210), (312, 167), (351, 270), (208, 8), (336, 221), (261, 18), (100, 14), (171, 156), (321, 303), (375, 148), (104, 73), (360, 211), (285, 140), (270, 224), (308, 83), (143, 18), (180, 102), (218, 209), (271, 73), (76, 23), (204, 92), (332, 105), (369, 27), (227, 133), (317, 283), (137, 109), (190, 27), (318, 44), (392, 174), (378, 283), (251, 27), (288, 15), (341, 149), (109, 89), (237, 36), (274, 46), (183, 104), (366, 312), (275, 251), (223, 209), (260, 109), (298, 184), (42, 18), (119, 0), (247, 207), (284, 123), (322, 290), (156, 14), (344, 278), (142, 73), (307, 138), (217, 8), (345, 67), (270, 2), (203, 109), (331, 48), (189, 178), (354, 243), (264, 247), (355, 182), (227, 99), (377, 338), (85, 1), (303, 190), (213, 60), (288, 237), (363, 355), (71, 50), (273, 127), (146, 135), (327, 196), (385, 243), (365, 273), (169, 62), (297, 113), (351, 194), (387, 243), (246, 60), (374, 97), (283, 34), (155, 127), (193, 160), (216, 127), (344, 52), (269, 203), (112, 48), (165, 10), (202, 190), (383, 253), (368, 138), (293, 197), (353, 314), (316, 170), (226, 40), (279, 22), (317, 223), (122, 105), (47, 42), (340, 32), (250, 162), (108, 68), (17, 3), (326, 23), (198, 194), (364, 222), (349, 174), (168, 113), (258, 239), (131, 7), (296, 70), (64, 34), (297, 275), (245, 109), (374, 259), (373, 88), (246, 222), (231, 142), (178, 22), (306, 35), (320, 92), (329, 130), (255, 4), (292, 18), (330, 173), (60, 22), (353, 4), (278, 69), (279, 244), (338, 336), (376, 355), (121, 32), (377, 142), (174, 26), (212, 201), (287, 281), (107, 21), (325, 86), (144, 25), (235, 216), (36, 31), (329, 19), (258, 49), (130, 68), (311, 135), (349, 112), (386, 250), (387, 335), (26, 21), (154, 78), (335, 13), (358, 230), (231, 108), (268, 250), (103, 33), (140, 45), (306, 261), (291, 171), (201, 41), (73, 22), (383, 305), (224, 134), (292, 240), (187, 10), (352, 75), (225, 179), (315, 49), (248, 12), (173, 51), (338, 114), (339, 183), (391, 252), (159, 96), (324, 161), (197, 189), (362, 124), (272, 268), (220, 114), (384, 374), (385, 35), (183, 126), (349, 274), (116, 3), (153, 63), (371, 198), (244, 120), (281, 242), (120, 70), (230, 63), (267, 3), (304, 189), (305, 212), (253, 246), (126, 124), (254, 177), (92, 52), (328, 51), (186, 177), (95, 25), (96, 63), (277, 102), (352, 169), (262, 250), (315, 287), (172, 124), (337, 187), (210, 203), (233, 122), (286, 140), (68, 61), (196, 10), (324, 71), (263, 87), (182, 45), (384, 148), (385, 205), (370, 261), (243, 49), (280, 37), (334, 152), (333, 143), (372, 331), (377, 1), (266, 88), (358, 290), (267, 225), (215, 175), (125, 45), (381, 131), (290, 66), (162, 25), (239, 37), (367, 80), (276, 17), (336, 268), (389, 286), (209, 18), (172, 162), (337, 101), (390, 233), (30, 0), (323, 22), (195, 67), (158, 85), (262, 36), (181, 156), (346, 221), (347, 140), (219, 89), (369, 340), (256, 205), (295, 164), (205, 38), (77, 27), (370, 231), (318, 287), (228, 153), (356, 86), (319, 34), (379, 287), (161, 64), (252, 7), (380, 76), (289, 11), (343, 184), (312, 212), (185, 74), (366, 11), (313, 125), (43, 36), (336, 42), (389, 48), (261, 229), (386, 103), (194, 136), (375, 203), (360, 160), (323, 308), (232, 107), (285, 255), (345, 268), (308, 128), (218, 2), (271, 60), (241, 227), (242, 188), (100, 34), (137, 56), (318, 121), (190, 164), (356, 180), (379, 125), (342, 99), (214, 62), (380, 274), (274, 131), (365, 66), (312, 50), (238, 176), (275, 166), (170, 48), (223, 164), (388, 143), (133, 76), (298, 13), (321, 164), (247, 34), (284, 40), (344, 323), (270, 111), (345, 46), (271, 210), (203, 184), (113, 58), (369, 144), (294, 81), (166, 12), (332, 284), (136, 79), (355, 69), (331, 79), (213, 111), (378, 174), (341, 26), (251, 148), (288, 154), (199, 76), (146, 88), (327, 27), (18, 15), (160, 85), (350, 200), (223, 90), (351, 145), (260, 208), (132, 27), (65, 40), (193, 19), (266, 251), (374, 210), (375, 271), (216, 172), (179, 32), (269, 158), (344, 97), (307, 23), (240, 18), (165, 93), (368, 39), (331, 173), (293, 104), (61, 28), (316, 223), (189, 71), (317, 114), (355, 291), (122, 26), (302, 286), (250, 87), (175, 20), (340, 213), (198, 159), (363, 220), (236, 102), (273, 244), (145, 33), (94, 92), (222, 17), (259, 41), (297, 254), (296, 147), (245, 208), (118, 70), (246, 139), (320, 9), (178, 171), (88, 21), (344, 191), (269, 64), (141, 53), (329, 301), (202, 37), (330, 126), (278, 246), (226, 191), (188, 112), (279, 171), (316, 61), (121, 83), (376, 272), (249, 6), (302, 248), (212, 126), (107, 96), (362, 303), (235, 55), (272, 59), (364, 337), (326, 130), (258, 98), (386, 47), (349, 35), (350, 260), (387, 282), (207, 133), (117, 7), (373, 173), (154, 51), (282, 108), (231, 3), (359, 78), (268, 15), (140, 66), (291, 246), (255, 137), (201, 116), (329, 15), (383, 324), (97, 59), (258, 21), (315, 236), (225, 110), (150, 47), (338, 199), (211, 47), (248, 185), (173, 134), (174, 161), (339, 226), (287, 130), (197, 0), (272, 217), (220, 167), (257, 171), (221, 154), (310, 289), (183, 45), (386, 369), (371, 309), (153, 106), (244, 45), (335, 150), (372, 26), (282, 270), (230, 72), (177, 92), (49, 9), (358, 29), (305, 103), (163, 1), (126, 9), (328, 192), (254, 66), (384, 338), (367, 289), (224, 17), (187, 135), (277, 9), (337, 278), (210, 28), (390, 280), (376, 204), (120, 98), (263, 42), (391, 113), (233, 197), (106, 93), (31, 30), (234, 150), (92, 24), (129, 2), (310, 67), (182, 158), (348, 178), (385, 184), (371, 83), (208, 101), (319, 275), (266, 237), (139, 105), (357, 172), (304, 40), (230, 170), (267, 188), (253, 11), (290, 247), (219, 135), (200, 105), (382, 369), (58, 11), (367, 7), (276, 70), (381, 54), (44, 42), (337, 48), (390, 58), (263, 200), (105, 44), (158, 38), (195, 174), (361, 186), (286, 123), (346, 270), (128, 117), (347, 123), (219, 52), (385, 346), (295, 251), (152, 123), (370, 184), (333, 4), (243, 186), (280, 176), (101, 56), (229, 115), (319, 241), (138, 50), (379, 330), (252, 180), (215, 32), (343, 239), (381, 280), (312, 257), (366, 180), (313, 40), (367, 229), (276, 164), (208, 178), (81, 68), (389, 387), (209, 143), (6, 5), (157, 103), (360, 13), (323, 131), (285, 82), (308, 245), (346, 32), (309, 92), (347, 281), (181, 97), (114, 4), (242, 81), (167, 18), (294, 256), (332, 211), (228, 12), (356, 217), (392, 264), (265, 30), (357, 352), (379, 168), (342, 28), (124, 109), (380, 199), (289, 128), (237, 202), (110, 40), (238, 221), (275, 85), (313, 266), (170, 133), (388, 220), (261, 106), (336, 165), (389, 165), (321, 279), (194, 31), (322, 72), (375, 92), (180, 94), (218, 137), (143, 74), (308, 11), (271, 129), (113, 85), (368, 278), (241, 24), (294, 226), (204, 100), (62, 30), (354, 345), (227, 221), (264, 81), (392, 102), (303, 272), (356, 319), (123, 28), (378, 339), (251, 195), (109, 33), (199, 163), (146, 45), (365, 183), (274, 118), (184, 136), (223, 41), (351, 100), (260, 37), (132, 104), (28, 9), (321, 49), (375, 354), (193, 78), (247, 183), (284, 163), (307, 194), (217, 64), (89, 13), (308, 297), (240, 175), (203, 53), (331, 248), (354, 187), (317, 37), (355, 206), (377, 266), (85, 57), (378, 53), (303, 118), (288, 277), (363, 299), (236, 59), (364, 0), (273, 71), (327, 140), (296, 224), (41, 35), (350, 55), (387, 203), (297, 73), (118, 51), (320, 230), (359, 319), (216, 55), (344, 236), (269, 19), (179, 173), (383, 181), (330, 3), (368, 210), (331, 294), (293, 157), (98, 39), (151, 19), (316, 82), (249, 177), (212, 35), (377, 100), (250, 218), (302, 165), (175, 153), (363, 73), (326, 95), (198, 10), (311, 297), (168, 73), (349, 150), (296, 30), (222, 156), (117, 106), (259, 146), (245, 37), (373, 16), (192, 95), (282, 209), (50, 21), (374, 331), (231, 214), (359, 29), (268, 92), (306, 235), (127, 1), (164, 29), (329, 90), (330, 229), (352, 277), (315, 155), (225, 25), (278, 13), (150, 88), (188, 139), (391, 294), (46, 25), (174, 82), (339, 17), (340, 318), (287, 209), (144, 97), (362, 146), (325, 46), (235, 160), (272, 182), (93, 2), (130, 12), (311, 207), (386, 162), (371, 352), (334, 276), (207, 14), (244, 146), (373, 306), (154, 134), (358, 174), (305, 50), (268, 130), (73, 46), (382, 32), (291, 99), (224, 78), (59, 15), (187, 50), (315, 121), (352, 115), (300, 243), (173, 123), (248, 68), (376, 121), (391, 196), (106, 46), (234, 123), (159, 56), (325, 320), (301, 70), (92, 77), (384, 318), (220, 58), (385, 107), (96, 8), (257, 32), (349, 346), (99, 5), (371, 190), (372, 237), (281, 170), (102, 50), (304, 69), (230, 199), (267, 75), (305, 284), (253, 190), (381, 105), (200, 54), (163, 138), (382, 258), (328, 75), (186, 105), (314, 34), (149, 99), (7, 5), (300, 17), (172, 68), (337, 131), (210, 147), (263, 159), (360, 316), (233, 50), (286, 196), (196, 66), (54, 32), (182, 21), (384, 92), (310, 222), (348, 261), (385, 309), (295, 270), (152, 40), (334, 208), (243, 233), (280, 29), (319, 132), (229, 6), (357, 81), (266, 16), (34, 20), (343, 2), (215, 87), (381, 331), (111, 38), (185, 160), (366, 225), (367, 136), (239, 93), (276, 201), (245, 134), (299, 216), (389, 342), (390, 177), (232, 133), (195, 27), (323, 238), (91, 90), (309, 15), (347, 244), (256, 181), (369, 284), (77, 35), (370, 47), (295, 108), (392, 341), (228, 81), (63, 16), (265, 169), (356, 110), (124, 2), (214, 132), (379, 199), (252, 79), (289, 51), (380, 116), (312, 140), (238, 14), (275, 0), (95, 15), (351, 277), (208, 45), (261, 61), (389, 8), (375, 179), (322, 61), (360, 248), (323, 268), (285, 167), (270, 261), (90, 1), (143, 57), (308, 120), (241, 171), (369, 126), (242, 196), (294, 191), (167, 135), (332, 70), (190, 124), (392, 179), (356, 332), (137, 112), (318, 49), (378, 260), (251, 126), (341, 240), (214, 102), (379, 37), (289, 285), (56, 0), (237, 63), (184, 53), (366, 285), (275, 222), (170, 8), (388, 71), (133, 132), (298, 197), (119, 63), (156, 43), (321, 108), (322, 223), (344, 315), (142, 114), (270, 39), (307, 177), (180, 161), (345, 102), (271, 266), (203, 64), (38, 3), (166, 84), (331, 23), (189, 173), (332, 292), (99, 51), (136, 7), (227, 70), (283, 168), (213, 39), (378, 230), (303, 165), (288, 194), (326, 270), (199, 20), (236, 136), (365, 300), (350, 128), (387, 150), (351, 233), (388, 357), (260, 168), (374, 26), (283, 89), (216, 100), (344, 89), (307, 79), (217, 205), (269, 166), (292, 281), (165, 21), (112, 21), (383, 216), (350, 19), (293, 32), (353, 285), (316, 135), (226, 5), (279, 13), (317, 186), (47, 17), (249, 220), (122, 82), (250, 143), (341, 308), (363, 164), (108, 97), (364, 251), (273, 188), (94, 20), (131, 42), (259, 97), (296, 107), (245, 136), (373, 67), (335, 266), (246, 243), (192, 12), (320, 113), (374, 292), (178, 115), (141, 125), (306, 60), (127, 84), (255, 99), (329, 229), (330, 182), (202, 125), (352, 322), (278, 190), (188, 56), (279, 211), (121, 11), (249, 62), (302, 48), (211, 137), (212, 182), (377, 241), (362, 359), (107, 40), (272, 3), (144, 62), (326, 202), (130, 97), (221, 32), (349, 107), (386, 23), (258, 42), (207, 125), (335, 40), (373, 357), (211, 118), (108, 25), (103, 60), (358, 251), (231, 75), (359, 150), (268, 215), (306, 286), (328, 314), (291, 142), (383, 284), (315, 20), (225, 150), (83, 48), (391, 155), (376, 38), (339, 154), (301, 25), (361, 310), (69, 13), (362, 25), (384, 363), (257, 147), (311, 64), (220, 111), (349, 269), (386, 313), (153, 34), (281, 21), (206, 174), (372, 82), (376, 149), (391, 40), (304, 146), (305, 175), (177, 100), (358, 37), (253, 209), (126, 65), (328, 24), (186, 154), (169, 162), (96, 20), (149, 22), (314, 87), (352, 142), (82, 27), (135, 39), (300, 102), (233, 157), (361, 80), (286, 145), (324, 108), (196, 23), (384, 137), (129, 74), (115, 97), (152, 149), (333, 234), (370, 286), (243, 84), (371, 11), (334, 189), (372, 368), (266, 165), (319, 299), (267, 196), (358, 263), (125, 8), (215, 138), (253, 51), (290, 63), (200, 161), (381, 254), (148, 65), (367, 63), (314, 169), (239, 0), (276, 126), (209, 53), (262, 57), (134, 116), (299, 183), (337, 120), (390, 2), (158, 126), (323, 61), (324, 258), (346, 198), (219, 124), (256, 226), (128, 61), (347, 163), (205, 1), (370, 192), (280, 232), (295, 131), (229, 139), (319, 9), (379, 370), (87, 61), (380, 41), (343, 151), (290, 257), (256, 145), (185, 45), (313, 96), (366, 108), (208, 122), (171, 14), (299, 85), (336, 79), (104, 59), (194, 165), (375, 230), (232, 112), (285, 26), (345, 311), (218, 47), (346, 24), (308, 173), (309, 148), (181, 89), (347, 321), (241, 198), (242, 153), (114, 76), (333, 302), (100, 15), (137, 3), (190, 137), (318, 66), (392, 192), (214, 19), (379, 80), (380, 271), (237, 146), (274, 156), (327, 272), (184, 98), (312, 23), (366, 334), (275, 141), (334, 322), (388, 148), (170, 93), (298, 22), (389, 253), (66, 26), (247, 89), (321, 223), (322, 176), (133, 87), (270, 144), (180, 22), (271, 249), (113, 29), (293, 273), (203, 159), (368, 350), (369, 235), (294, 42), (136, 84), (264, 105), (318, 188), (227, 21), (355, 40), (213, 74), (160, 74), (303, 200), (378, 139), (341, 5), (288, 127), (327, 54), (199, 107), (146, 117), (242, 235), (350, 237), (95, 42), (351, 188), (260, 253), (132, 32), (320, 256), (283, 180), (193, 54), (375, 298), (216, 209), (89, 69), (14, 4), (307, 58), (75, 54), (368, 60), (293, 115), (331, 128), (354, 99), (317, 109), (189, 34), (250, 48), (378, 109), (340, 178), (303, 46), (363, 243), (198, 176), (108, 54), (236, 3), (145, 68), (364, 72), (222, 58), (296, 184), (169, 78), (350, 15), (387, 3), (320, 46), (246, 172), (178, 132), (359, 327), (268, 262), (88, 58), (306, 81), (344, 164), (383, 77), (330, 91), (202, 14), (278, 235), (353, 170), (151, 91), (316, 26), (226, 152), (279, 134), (84, 46), (212, 91), (377, 28), (302, 221), (325, 196), (198, 82), (70, 9), (235, 74), (326, 167), (311, 273), (258, 159), (168, 1), (386, 72), (349, 222), (350, 297), (387, 289), (117, 34), (207, 160), (373, 200), (282, 9), (140, 95), (359, 37), (306, 179), (231, 30), (245, 29), (291, 221), (164, 85), (329, 18), (382, 158), (255, 148), (292, 98), (150, 0), (277, 274), (315, 195), (188, 179), (278, 53), (338, 224), (391, 366), (211, 18), (174, 138), (339, 201), (197, 43), (362, 234), (272, 254), (287, 169), (93, 74), (221, 181), (386, 362), (244, 202), (153, 141), (334, 332), (335, 189), (304, 303), (177, 55), (305, 122), (358, 118), (126, 18), (254, 39), (291, 59), (163, 100), (328, 165), (367, 268), (224, 118), (386, 285), (277, 244), (187, 122), (337, 297), (210, 57), (300, 187), (248, 124), (339, 295), (233, 232), (106, 102), (324, 49), (234, 179), (325, 280), (182, 179), (384, 230), (348, 175), (385, 83), (257, 104), (371, 118), (334, 110), (372, 293), (357, 183), (139, 76), (304, 13), (358, 336), (230, 143), (267, 147), (381, 17), (253, 102), (290, 208), (200, 78), (382, 346), (239, 183), (186, 33), (314, 218), (337, 203), (262, 138), (172, 12), (390, 95), (263, 231), (105, 55), (233, 10), (361, 221), (286, 28), (346, 299), (128, 106), (347, 30), (384, 4), (219, 43), (256, 95), (310, 134), (243, 161), (280, 85), (370, 149), (152, 96), (209, 17), (319, 220), (176, 166), (357, 105), (266, 40), (87, 80), (252, 145), (342, 279), (162, 137), (343, 202), (381, 371), (111, 94), (313, 19), (367, 192), (299, 32), (209, 162), (67, 28), (232, 221), (360, 18), (285, 77), (323, 166), (346, 77), (309, 71), (347, 316), (181, 12), (369, 292), (332, 168), (205, 182), (370, 119), (242, 42), (295, 52), (392, 365), (228, 105), (265, 225), (63, 40), (191, 103), (214, 204), (107, 2), (33, 13), (289, 251), (380, 188), (110, 13), (93, 43), (147, 5), (313, 237), (80, 32), (133, 58), (261, 117), (298, 123), (336, 186), (389, 64), (321, 266), (375, 123), (322, 101), (270, 253), (308, 48), (345, 188), (218, 178), (271, 172), (241, 115), (204, 65), (369, 6), (294, 199), (227, 160), (190, 52), (318, 201), (392, 75), (356, 260), (137, 136), (123, 115), (341, 168), (251, 38), (342, 211), (109, 60), (199, 190), (365, 210), (237, 7), (274, 19), (132, 117), (223, 52), (298, 157), (388, 31), (260, 66), (193, 97), (283, 227), (321, 84), (374, 160), (247, 210), (284, 88), (322, 263), (89, 48), (217, 107), (270, 31), (75, 69), (203, 8), (240, 132), (166, 156), (307, 233), (354, 148), (317, 0), (99, 75), (355, 213), (264, 148), (377, 365), (85, 36), (378, 30), (303, 93), (288, 266), (236, 208), (363, 334), (71, 17), (364, 29), (327, 171), (296, 261), (169, 25), (297, 108), (350, 88), (388, 317), (387, 238), (320, 155), (246, 25), (193, 131), (283, 1), (359, 282), (51, 29), (344, 17), (216, 92), (108, 26), (269, 238), (383, 144), (165, 45), (112, 93), (368, 183), (240, 98), (293, 248), (331, 317), (98, 0), (389, 271), (316, 79), (226, 205), (279, 53), (302, 142), (212, 8), (340, 69), (377, 79), (250, 199), (198, 47), (326, 112), (364, 195), (273, 132), (258, 240), (168, 110), (296, 35), (349, 177), (222, 161), (259, 185), (245, 64), (282, 250), (192, 116), (374, 364), (231, 173), (178, 59), (141, 133), (306, 196), (127, 108), (255, 59), (292, 55), (330, 206), (352, 266), (60, 59), (353, 39), (278, 102), (338, 309), (46, 2), (174, 55), (339, 116), (211, 65), (377, 169), (302, 104), (197, 126), (144, 6), (325, 73), (272, 75), (93, 61), (221, 104), (311, 234), (258, 18), (168, 140), (386, 223), (244, 191), (334, 313), (335, 224), (373, 349), (103, 68), (12, 5), (305, 21), (306, 294), (359, 222), (73, 49), (291, 70), (201, 196), (224, 163), (352, 104), (225, 222), (277, 167), (315, 92), (338, 87), (391, 227), (376, 94), (248, 41), (361, 270), (301, 97), (234, 4), (324, 134), (362, 81), (287, 18), (384, 339), (220, 87), (257, 219), (55, 22), (348, 28), (385, 14), (116, 96), (153, 26), (372, 138), (281, 205), (102, 23), (139, 27), (304, 90), (305, 247), (267, 46), (253, 153), (381, 68), (254, 210), (290, 133), (163, 145), (328, 80), (21, 19), (314, 15), (149, 78), (277, 121), (315, 314), (262, 231), (300, 46), (172, 97), (337, 166), (210, 172), (263, 186), (68, 18), (196, 111), (361, 40), (286, 233), (219, 134), (309, 264), (182, 14), (384, 113), (348, 290), (370, 294), (385, 296), (115, 89), (333, 178), (334, 245), (48, 46), (357, 60), (266, 125), (370, 8), (125, 48), (162, 58), (290, 103), (343, 121), (185, 139), (366, 202), (111, 13), (276, 54), (81, 42), (299, 255), (389, 369), (209, 125), (262, 1), (172, 135), (195, 62), (232, 170), (323, 245), (346, 190), (309, 42), (347, 235), (256, 170), (77, 62), (205, 201), (318, 312), (356, 75)} Learning Rate: 0.0011735382722690701
Replaced  0.0  with  0.0004288164665523156
3 <= node_count < 393
Population: 1  Node Count: 222
1.4917480117402061e-64 1.4917480117402061e-64
Generation # 0  Max Fitness: 0.00010418837257762034
New Best Fitness
Generation # 1  Max Fitness: 0.00011407711613050422
New Best Fitness
Generation # 2  Max Fitness: 0.00045558086560364467
New Best Fitness
Generation # 3  Max Fitness: 0.00045558086560364467
Generation # 4  Max Fitness: 0.00045558086560364467
Generation # 5  Max Fitness: 0.00045558086560364467
Generation # 6  Max Fitness: 0.00045558086560364467
Generation # 7  Max Fitness: 0.00045558086560364467
Generation # 8  Max Fitness: 0.001226993865030675
New Best Fitness
Generation # 9  Max Fitness: 0.001226993865030675
Generation # 10  Max Fitness: 0.001226993865030675
Generation # 11  Max Fitness: 0.001226993865030675
Generation # 12  Max Fitness: 0.001226993865030675
Generation # 13  Max Fitness: 0.001226993865030675
Generation # 14  Max Fitness: 0.001226993865030675
Generation # 15  Max Fitness: 0.001226993865030675
Generation # 16  Max Fitness: 0.001226993865030675
Generation # 17  Max Fitness: 0.001226993865030675
Generation # 18  Max Fitness: 0.001226993865030675
Generation # 19  Max Fitness: 0.001226993865030675
Generation # 20  Max Fitness: 0.001321003963011889
New Best Fitness
Generation # 21  Max Fitness: 0.001321003963011889
Generation # 22  Max Fitness: 0.001321003963011889
Generation # 23  Max Fitness: 0.001321003963011889
Generation # 24  Max Fitness: 0.001321003963011889
Generation # 25  Max Fitness: 0.001321003963011889
Generation # 26  Max Fitness: 0.0013297872340425532
New Best Fitness
Generation # 27  Max Fitness: 0.0013297872340425532
Generation # 28  Max Fitness: 0.0013297872340425532
Generation # 29  Max Fitness: 0.0013297872340425532
Generation # 30  Max Fitness: 0.0013297872340425532
Generation # 31  Max Fitness: 0.0013297872340425532
Generation # 32  Max Fitness: 0.0013297872340425532
Generation # 33  Max Fitness: 0.0013297872340425532
Generation # 34  Max Fitness: 0.0013297872340425532
Generation # 35  Max Fitness: 0.0013297872340425532
Generation # 36  Max Fitness: 0.0013297872340425532
Generation # 37  Max Fitness: 0.0013297872340425532
Generation # 38  Max Fitness: 0.0013297872340425532
Generation # 39  Max Fitness: 0.0013297872340425532
Generation # 40  Max Fitness: 0.0013297872340425532
Generation # 41  Max Fitness: 0.0013297872340425532
Generation # 42  Max Fitness: 0.0013297872340425532
Generation # 43  Max Fitness: 0.0013297872340425532
Generation # 44  Max Fitness: 0.0013297872340425532
Generation # 45  Max Fitness: 0.0013297872340425532
Generation # 46  Max Fitness: 0.0015360983102918587
New Best Fitness
Generation # 47  Max Fitness: 0.0015360983102918587
Generation # 48  Max Fitness: 0.0015360983102918587
Generation # 49  Max Fitness: 0.0015360983102918587
[[6.04353549]
 [2.44105415]
 [4.33529618]
 [4.90774775]
 [5.69068699]
 [4.28231492]
 [4.18487652]
 [0.37233727]
 [6.14685994]
 [1.08641449]] 
 [[2.03221393]
 [0.27560081]
 [0.65041164]
 [1.11347023]
 [1.74679323]
 [0.60755486]
 [0.52873651]
 [1.93261867]
 [2.11579354]
 [1.3600185 ]]
Accuracy:  100.0 %
{(157, 102), (105, 8), (158, 2), (195, 138), (215, 87), (162, 65), (91, 45), (181, 163), (191, 123), (219, 16), (128, 81), (111, 38), (148, 28), (205, 29), (81, 23), (134, 27), (152, 87), (209, 90), (101, 92), (195, 27), (87, 25), (161, 159), (91, 90), (185, 17), (77, 35), (208, 158), (171, 34), (63, 16), (191, 47), (157, 75), (161, 8), (53, 10), (143, 136), (110, 85), (218, 75), (181, 69), (114, 40), (167, 54), (208, 45), (191, 188), (124, 113), (90, 1), (143, 57), (184, 70), (147, 58), (19, 7), (204, 57), (167, 135), (170, 121), (133, 115), (190, 124), (137, 112), (66, 54), (123, 75), (214, 102), (180, 50), (56, 0), (184, 53), (76, 67), (204, 136), (170, 8), (133, 132), (62, 58), (119, 63), (156, 43), (123, 56), (160, 46), (217, 51), (180, 161), (199, 135), (109, 5), (146, 17), (38, 3), (203, 64), (184, 164), (216, 88), (95, 54), (132, 76), (99, 51), (189, 173), (136, 7), (193, 42), (156, 90), (213, 39), (217, 92), (142, 29), (199, 20), (165, 132), (75, 10), (95, 71), (189, 30), (65, 16), (175, 95), (213, 136), (51, 37), (216, 100), (217, 205), (179, 24), (142, 140), (145, 88), (202, 155), (112, 21), (165, 21), (41, 31), (169, 82), (118, 31), (47, 17), (122, 82), (216, 19), (179, 137), (108, 97), (112, 100), (94, 20), (131, 42), (188, 73), (151, 55), (23, 8), (192, 12), (84, 10), (212, 71), (178, 115), (70, 45), (198, 118), (127, 84), (74, 32), (164, 162), (202, 125), (168, 37), (117, 78), (192, 187), (211, 137), (121, 11), (212, 182), (107, 40), (144, 62), (127, 37), (164, 49), (221, 32), (130, 97), (150, 100), (188, 175), (207, 125), (154, 107), (83, 67), (211, 118), (174, 110), (103, 60), (140, 10), (197, 55), (144, 77), (201, 12), (221, 81), (130, 16), (79, 55), (83, 48), (163, 72), (201, 157), (220, 111), (183, 21), (221, 194), (59, 43), (187, 94), (116, 40), (206, 174), (153, 34), (45, 20), (120, 43), (210, 85), (106, 2), (159, 28), (35, 2), (126, 65), (92, 81), (220, 30), (183, 138), (96, 20), (149, 22), (186, 154), (25, 24), (116, 95), (82, 27), (135, 39), (176, 92), (139, 32), (196, 23), (72, 29), (200, 82), (182, 70), (129, 74), (186, 13), (115, 97), (78, 23), (152, 149), (149, 135), (172, 40), (206, 72), (176, 43), (105, 91), (196, 166), (215, 138), (125, 8), (200, 161), (219, 207), (54, 12), (148, 65), (115, 14), (152, 4), (209, 53), (134, 116), (138, 123), (158, 126), (87, 76), (215, 123), (162, 101), (91, 9), (128, 61), (219, 124), (111, 58), (148, 48), (205, 1), (209, 70), (134, 7), (158, 137), (87, 61), (181, 40), (185, 45), (167, 69), (205, 146), (208, 122), (171, 14), (63, 52), (191, 67), (104, 59), (157, 47), (194, 165), (124, 38), (161, 20), (214, 160), (218, 47), (181, 89), (39, 15), (114, 76), (80, 68), (208, 9), (171, 159), (190, 137), (137, 3), (100, 15), (104, 74), (214, 19), (180, 103), (143, 29), (184, 98), (147, 86), (76, 16), (204, 93), (170, 93), (133, 87), (190, 24), (137, 108), (66, 26), (156, 152), (180, 22), (109, 88), (56, 28), (113, 29), (203, 159), (204, 172), (42, 19), (136, 84), (119, 3), (156, 15), (213, 74), (160, 74), (32, 5), (217, 15), (142, 78), (180, 133), (199, 107), (146, 117), (203, 108), (166, 112), (95, 42), (132, 32), (189, 177), (136, 35), (99, 47), (85, 0), (213, 59), (216, 209), (14, 4), (217, 184), (71, 45), (89, 69), (146, 132), (75, 54), (189, 34), (155, 126), (193, 167), (122, 7), (175, 115), (213, 172), (51, 1), (179, 116), (216, 64), (198, 176), (108, 54), (145, 68), (202, 191), (112, 49), (165, 9), (169, 78), (178, 132), (141, 16), (88, 58), (198, 195), (108, 69), (17, 2), (202, 14), (168, 114), (188, 109), (151, 91), (64, 35), (192, 104), (84, 46), (212, 91), (178, 23), (141, 97), (144, 139), (70, 9), (127, 72), (74, 68), (198, 82), (168, 1), (60, 23), (117, 34), (207, 160), (192, 135), (121, 39), (174, 27), (211, 165), (212, 202), (140, 95), (107, 20), (144, 26), (36, 24), (164, 85), (201, 95), (130, 69), (221, 4), (97, 30), (168, 144), (150, 0), (188, 179), (26, 18), (173, 161), (207, 81), (154, 79), (211, 18), (174, 138), (103, 32), (177, 166), (140, 46), (197, 43), (73, 21), (201, 40), (221, 181), (187, 13), (153, 141), (79, 11), (173, 50), (177, 55), (159, 99), (126, 18), (163, 100), (220, 115), (55, 50), (183, 121), (96, 65), (59, 55), (187, 122), (116, 12), (206, 138), (153, 62), (120, 71), (173, 67), (210, 57), (106, 102), (126, 125), (92, 53), (182, 179), (129, 37), (96, 48), (149, 42), (206, 53), (135, 11), (210, 200), (176, 120), (139, 76), (68, 62), (196, 11), (159, 129), (72, 57), (200, 78), (219, 186), (182, 34), (129, 86), (186, 33), (172, 12), (48, 2), (195, 181), (105, 55), (196, 154), (125, 44), (215, 174), (162, 22), (219, 43), (128, 106), (148, 101), (205, 84), (152, 96), (134, 80), (209, 17), (101, 3), (172, 163), (138, 31), (30, 1), (195, 66), (87, 80), (158, 90), (215, 31), (181, 155), (162, 137), (91, 21), (219, 88), (128, 25), (111, 94), (205, 37), (209, 162), (191, 22), (157, 130), (67, 28), (161, 71), (181, 12), (57, 22), (185, 73), (167, 105), (205, 182), (208, 102), (43, 39), (171, 106), (100, 92), (63, 40), (191, 103), (194, 137), (157, 51), (33, 13), (124, 74), (214, 204), (161, 48), (90, 86), (110, 13), (147, 5), (114, 112), (133, 58), (190, 165), (137, 63), (194, 56), (160, 136), (214, 63), (180, 123), (143, 113), (218, 178), (184, 126), (76, 52), (204, 65), (170, 49), (133, 75), (190, 52), (119, 118), (137, 136), (123, 115), (199, 190), (109, 60), (203, 187), (113, 57), (166, 13), (136, 112), (112, 18), (193, 97), (156, 19), (213, 110), (160, 86), (89, 48), (142, 42), (217, 107), (199, 79), (146, 89), (180, 153), (203, 8), (166, 156), (169, 136), (95, 14), (132, 4), (99, 75), (65, 47), (193, 18), (85, 36), (216, 173), (179, 35), (217, 148), (165, 92), (169, 25), (61, 27), (189, 70), (155, 90), (122, 27), (175, 23), (51, 29), (179, 80), (216, 92), (108, 26), (145, 32), (198, 156), (37, 18), (112, 93), (94, 93), (165, 45), (98, 0), (151, 14), (118, 71), (175, 132), (178, 168), (88, 22), (141, 52), (198, 47), (168, 110), (131, 98), (188, 113), (151, 127), (64, 15), (211, 208), (84, 66), (212, 127), (178, 59), (107, 99), (141, 133), (177, 159), (127, 108), (60, 59), (117, 6), (207, 132), (154, 48), (211, 65), (174, 55), (46, 2), (140, 67), (215, 196), (197, 126), (144, 6), (201, 123), (164, 73), (93, 61), (221, 104), (130, 41), (97, 58), (150, 44), (168, 140), (173, 133), (211, 46), (174, 166), (12, 5), (103, 68), (69, 52), (197, 15), (73, 49), (201, 196), (220, 160), (221, 153), (187, 41), (153, 105), (173, 22), (49, 8), (177, 83), (159, 71), (197, 144), (126, 14), (163, 0), (55, 22), (220, 87), (183, 93), (187, 134), (116, 96), (153, 26), (82, 80), (120, 99), (210, 29), (102, 23), (139, 27), (106, 90), (31, 25), (200, 27), (163, 145), (182, 159), (92, 25), (129, 1), (186, 82), (149, 78), (21, 19), (206, 17), (172, 97), (135, 111), (210, 172), (176, 100), (139, 104), (68, 18), (196, 111), (125, 95), (200, 106), (219, 134), (182, 14), (58, 8), (115, 89), (44, 43), (48, 46), (195, 145), (105, 19), (158, 39), (215, 178), (162, 58), (128, 118), (219, 55), (111, 13), (185, 139), (148, 121), (24, 7), (205, 120), (152, 124), (81, 42), (209, 125), (172, 135), (101, 39), (195, 62), (215, 35), (77, 62), (205, 201), (208, 179), (171, 57), (209, 142), (191, 10), (138, 130)} Learning Rate: 0.0018081986345350742
Replaced  0.0004288164665523156  with  0.0015360983102918587
3 <= node_count < 222
Population: 2  Node Count: 12
2.6401590938836557e-05 2.6401590938836557e-05
Generation # 0  Max Fitness: 0.041666666666666664
New Best Fitness
Generation # 1  Max Fitness: 0.041666666666666664
Generation # 2  Max Fitness: 0.041666666666666664
Generation # 3  Max Fitness: 0.041666666666666664
Generation # 4  Max Fitness: 0.047619047619047616
New Best Fitness
Generation # 5  Max Fitness: 0.047619047619047616
Generation # 6  Max Fitness: 0.047619047619047616
Generation # 7  Max Fitness: 0.047619047619047616
Generation # 8  Max Fitness: 0.0625
New Best Fitness
Generation # 9  Max Fitness: 0.0625
Generation # 10  Max Fitness: 0.0625
Generation # 11  Max Fitness: 0.0625
Generation # 12  Max Fitness: 0.0625
Generation # 13  Max Fitness: 0.0625
Generation # 14  Max Fitness: 0.0625
Generation # 15  Max Fitness: 0.0625
Generation # 16  Max Fitness: 0.0625
Generation # 17  Max Fitness: 0.0625
Generation # 18  Max Fitness: 0.0625
Generation # 19  Max Fitness: 0.0625
Generation # 20  Max Fitness: 0.0625
Generation # 21  Max Fitness: 0.0625
Generation # 22  Max Fitness: 0.0625
Generation # 23  Max Fitness: 0.0625
Generation # 24  Max Fitness: 0.0625
Generation # 25  Max Fitness: 0.0625
Generation # 26  Max Fitness: 0.0625
Generation # 27  Max Fitness: 0.0625
Generation # 28  Max Fitness: 0.0625
Generation # 29  Max Fitness: 0.0625
Generation # 30  Max Fitness: 0.0625
Generation # 31  Max Fitness: 0.0625
Generation # 32  Max Fitness: 0.0625
Generation # 33  Max Fitness: 0.0625
Generation # 34  Max Fitness: 0.0625
Generation # 35  Max Fitness: 0.0625
Generation # 36  Max Fitness: 0.0625
Generation # 37  Max Fitness: 0.0625
Generation # 38  Max Fitness: 0.0625
Generation # 39  Max Fitness: 0.0625
Generation # 40  Max Fitness: 0.0625
Generation # 41  Max Fitness: 0.0625
Generation # 42  Max Fitness: 0.0625
Generation # 43  Max Fitness: 0.0625
Generation # 44  Max Fitness: 0.0625
Generation # 45  Max Fitness: 0.0625
Generation # 46  Max Fitness: 0.0625
Generation # 47  Max Fitness: 0.0625
Generation # 48  Max Fitness: 0.0625
Generation # 49  Max Fitness: 0.0625
[[6.04353549]
 [2.44105415]
 [4.33529618]
 [4.90774775]
 [5.69068699]
 [4.28231492]
 [4.18487652]
 [0.37233727]
 [6.14685994]
 [1.08641449]] 
 [[2.02407958]
 [0.27877248]
 [0.65179284]
 [1.11166265]
 [1.74062438]
 [0.60923119]
 [0.5309556 ]
 [1.87429691]
 [2.10708362]
 [1.32355569]]
Accuracy:  100.0 %
{(11, 7), (11, 10), (10, 5), (7, 0), (10, 9), (9, 2), (6, 1), (11, 3), (9, 5), (7, 4), (2, 0), (4, 3), (8, 6), (5, 2), (11, 6), (8, 4)} Learning Rate: 0.021568499505519867
Replaced  0.0015360983102918587  with  0.0625
3 <= node_count < 12
Population: 3  Node Count: 5
0.019600000000000003 0.019600000000000003
Generation # 0  Max Fitness: 0.05760357142857143
New Best Fitness
Generation # 1  Max Fitness: 0.2
New Best Fitness
Generation # 2  Max Fitness: 0.2
Generation # 3  Max Fitness: 0.403225
New Best Fitness
Generation # 4  Max Fitness: 0.403225
Generation # 5  Max Fitness: 0.403225
Generation # 6  Max Fitness: 0.403225
Generation # 7  Max Fitness: 0.403225
Generation # 8  Max Fitness: 0.403225
Generation # 9  Max Fitness: 0.403225
Generation # 10  Max Fitness: 0.403225
Generation # 11  Max Fitness: 0.403225
Generation # 12  Max Fitness: 0.403225
Generation # 13  Max Fitness: 0.403225
Generation # 14  Max Fitness: 0.403225
Generation # 15  Max Fitness: 0.403225
Generation # 16  Max Fitness: 0.403225
Generation # 17  Max Fitness: 0.403225
Generation # 18  Max Fitness: 0.403225
Generation # 19  Max Fitness: 0.403225
Generation # 20  Max Fitness: 0.403225
Generation # 21  Max Fitness: 0.403225
Generation # 22  Max Fitness: 0.403225
Generation # 23  Max Fitness: 0.403225
Generation # 24  Max Fitness: 0.403225
Generation # 25  Max Fitness: 0.403225
Generation # 26  Max Fitness: 0.403225
Generation # 27  Max Fitness: 0.403225
Generation # 28  Max Fitness: 0.403225
Generation # 29  Max Fitness: 0.403225
Generation # 30  Max Fitness: 0.403225
Generation # 31  Max Fitness: 0.403225
Generation # 32  Max Fitness: 0.403225
Generation # 33  Max Fitness: 0.403225
Generation # 34  Max Fitness: 0.403225
Generation # 35  Max Fitness: 0.403225
Generation # 36  Max Fitness: 0.403225
Generation # 37  Max Fitness: 0.403225
Generation # 38  Max Fitness: 0.403225
Generation # 39  Max Fitness: 0.403225
Generation # 40  Max Fitness: 0.403225
Generation # 41  Max Fitness: 0.403225
Generation # 42  Max Fitness: 0.403225
Generation # 43  Max Fitness: 0.403225
Generation # 44  Max Fitness: 0.403225
Generation # 45  Max Fitness: 0.403225
Generation # 46  Max Fitness: 0.403225
Generation # 47  Max Fitness: 0.403225
Generation # 48  Max Fitness: 0.403225
Generation # 49  Max Fitness: 0.403225
[[6.04353549]
 [2.44105415]
 [4.33529618]
 [4.90774775]
 [5.69068699]
 [4.28231492]
 [4.18487652]
 [0.37233727]
 [6.14685994]
 [1.08641449]] 
 [[-153.46391915]
 [ -65.55287929]
 [-111.77790349]
 [-125.74738949]
 [-144.85338785]
 [-110.48500636]
 [-108.10722545]
 [ -15.07016069]
 [-155.98533682]
 [ -32.49572521]]
Accuracy:  0.0 %
{(1, 0), (4, 0)} Learning Rate: 0.026012621819972992
4 <= node_count < 12
Population: 4  Node Count: 11
0.00011758623338815785 0.00011758623338815785
Generation # 0  Max Fitness: 0.05263157894736842
New Best Fitness
Generation # 1  Max Fitness: 0.05263157894736842
Generation # 2  Max Fitness: 0.05263157894736842
Generation # 3  Max Fitness: 0.05263157894736842
Generation # 4  Max Fitness: 0.05263157894736842
Generation # 5  Max Fitness: 0.05263157894736842
Generation # 6  Max Fitness: 0.05263157894736842
Generation # 7  Max Fitness: 0.05263157894736842
Generation # 8  Max Fitness: 0.05263157894736842
Generation # 9  Max Fitness: 0.0625
New Best Fitness
Generation # 10  Max Fitness: 0.0625
Generation # 11  Max Fitness: 0.07142857142857142
New Best Fitness
Generation # 12  Max Fitness: 0.07142857142857142
Generation # 13  Max Fitness: 0.07142857142857142
Generation # 14  Max Fitness: 0.07142857142857142
Generation # 15  Max Fitness: 0.06666666666666667
Generation # 16  Max Fitness: 0.06666666666666667
Generation # 17  Max Fitness: 0.1
New Best Fitness
Generation # 18  Max Fitness: 0.1
Generation # 19  Max Fitness: 0.1
Generation # 20  Max Fitness: 0.1
Generation # 21  Max Fitness: 0.1
Generation # 22  Max Fitness: 0.1
Generation # 23  Max Fitness: 0.1
Generation # 24  Max Fitness: 0.1
Generation # 25  Max Fitness: 0.1
Generation # 26  Max Fitness: 0.1
Generation # 27  Max Fitness: 0.1
Generation # 28  Max Fitness: 0.1
Generation # 29  Max Fitness: 0.1
Generation # 30  Max Fitness: 0.1
Generation # 31  Max Fitness: 0.1
Generation # 32  Max Fitness: 0.1
Generation # 33  Max Fitness: 0.1
Generation # 34  Max Fitness: 0.1
Generation # 35  Max Fitness: 0.1
Generation # 36  Max Fitness: 0.1
Generation # 37  Max Fitness: 0.1
Generation # 38  Max Fitness: 0.1
Generation # 39  Max Fitness: 0.1
Generation # 40  Max Fitness: 0.1
Generation # 41  Max Fitness: 0.1
Generation # 42  Max Fitness: 0.1
Generation # 43  Max Fitness: 0.1
Generation # 44  Max Fitness: 0.1
Generation # 45  Max Fitness: 0.1
Generation # 46  Max Fitness: 0.1
Generation # 47  Max Fitness: 0.1
Generation # 48  Max Fitness: 0.1
Generation # 49  Max Fitness: 0.1
[[6.04353549]
 [2.44105415]
 [4.33529618]
 [4.90774775]
 [5.69068699]
 [4.28231492]
 [4.18487652]
 [0.37233727]
 [6.14685994]
 [1.08641449]] 
 [[1.99087439]
 [0.14872458]
 [0.62159177]
 [1.08045487]
 [1.70803971]
 [0.57912329]
 [0.50101907]
 [2.10702722]
 [2.07369673]
 [1.43106265]]
Accuracy:  100.0 %
{(8, 6), (5, 2), (9, 5), (8, 4), (4, 3), (5, 0), (10, 0), (4, 1), (10, 9), (9, 7)} Learning Rate: 0.02325773425400257
Replaced  0.0625  with  0.1
4 <= node_count < 11
Population: 5  Node Count: 10
0.00013366251664564702 0.00013366251664564702
Generation # 0  Max Fitness: 0.047619047619047616
New Best Fitness
Generation # 1  Max Fitness: 0.0625
New Best Fitness
Generation # 2  Max Fitness: 0.09090909090909091
New Best Fitness
Generation # 3  Max Fitness: 0.09090909090909091
Generation # 4  Max Fitness: 0.08333333333333333
Generation # 5  Max Fitness: 0.08333333333333333
Generation # 6  Max Fitness: 0.08333333333333333
Generation # 7  Max Fitness: 0.08333333333333333
Generation # 8  Max Fitness: 0.08333333333333333
Generation # 9  Max Fitness: 0.08333333333333333
Generation # 10  Max Fitness: 0.08333333333333333
Generation # 11  Max Fitness: 0.08333333333333333
Generation # 12  Max Fitness: 0.08333333333333333
Generation # 13  Max Fitness: 0.08333333333333333
Generation # 14  Max Fitness: 0.08333333333333333
Generation # 15  Max Fitness: 0.08333333333333333
Generation # 16  Max Fitness: 0.08333333333333333
Generation # 17  Max Fitness: 0.08333333333333333
Generation # 18  Max Fitness: 0.08333333333333333
Generation # 19  Max Fitness: 0.08333333333333333
Generation # 20  Max Fitness: 0.08333333333333333
Generation # 21  Max Fitness: 0.08333333333333333
Generation # 22  Max Fitness: 0.08333333333333333
Generation # 23  Max Fitness: 0.08333333333333333
Generation # 24  Max Fitness: 0.08333333333333333
Generation # 25  Max Fitness: 0.08333333333333333
Generation # 26  Max Fitness: 0.08333333333333333
Generation # 27  Max Fitness: 0.08333333333333333
Generation # 28  Max Fitness: 0.08333333333333333
Generation # 29  Max Fitness: 0.08333333333333333
Generation # 30  Max Fitness: 0.08333333333333333
Generation # 31  Max Fitness: 0.08333333333333333
Generation # 32  Max Fitness: 0.08333333333333333
Generation # 33  Max Fitness: 0.08333333333333333
Generation # 34  Max Fitness: 0.08333333333333333
Generation # 35  Max Fitness: 0.08333333333333333
Generation # 36  Max Fitness: 0.08333333333333333
Generation # 37  Max Fitness: 0.08333333333333333
Generation # 38  Max Fitness: 0.08333333333333333
Generation # 39  Max Fitness: 0.08333333333333333
Generation # 40  Max Fitness: 0.08333333333333333
Generation # 41  Max Fitness: 0.08333333333333333
Generation # 42  Max Fitness: 0.08333333333333333
Generation # 43  Max Fitness: 0.08333333333333333
Generation # 44  Max Fitness: 0.08333333333333333
Generation # 45  Max Fitness: 0.09090909090909091
Generation # 46  Max Fitness: 0.09090909090909091
Generation # 47  Max Fitness: 0.09090909090909091
Generation # 48  Max Fitness: 0.09090909090909091
Generation # 49  Max Fitness: 0.09090909090909091
[[6.04353549]
 [2.44105415]
 [4.33529618]
 [4.90774775]
 [5.69068699]
 [4.28231492]
 [4.18487652]
 [0.37233727]
 [6.14685994]
 [1.08641449]] 
 [[1.01078521]
 [1.00571002]
 [1.00837864]
 [1.00918511]
 [1.01028812]
 [1.008304  ]
 [1.00816673]
 [1.00279561]
 [1.01093077]
 [1.0038016 ]]
Accuracy:  20.06 %
{(5, 2), (9, 5), (8, 4), (6, 3), (7, 4), (2, 0), (5, 0), (4, 3), (8, 6), (4, 1), (9, 7)} Learning Rate: 0.07150974124670029
7 <= node_count < 11
Population: 6  Node Count: 9
0.0005747063150769229 0.0005747063150769229
Generation # 0  Max Fitness: 0.0625
New Best Fitness
Generation # 1  Max Fitness: 0.07142857142857142
New Best Fitness
Generation # 2  Max Fitness: 0.07142857142857142
Generation # 3  Max Fitness: 0.07692307692307693
New Best Fitness
Generation # 4  Max Fitness: 0.07692307692307693
Generation # 5  Max Fitness: 0.08333333333333333
New Best Fitness
Generation # 6  Max Fitness: 0.08333333333333333
Generation # 7  Max Fitness: 0.08333333333333333
Generation # 8  Max Fitness: 0.09722926304009999
New Best Fitness
Generation # 9  Max Fitness: 0.1
New Best Fitness
Generation # 10  Max Fitness: 0.1
Generation # 11  Max Fitness: 0.1
Generation # 12  Max Fitness: 0.1
Generation # 13  Max Fitness: 0.1
Generation # 14  Max Fitness: 0.1
Generation # 15  Max Fitness: 0.1
Generation # 16  Max Fitness: 0.1
Generation # 17  Max Fitness: 0.1
Generation # 18  Max Fitness: 0.1
Generation # 19  Max Fitness: 0.1
Generation # 20  Max Fitness: 0.1
Generation # 21  Max Fitness: 0.1
Generation # 22  Max Fitness: 0.1111111111111111
New Best Fitness
Generation # 23  Max Fitness: 0.1111111111111111
Generation # 24  Max Fitness: 0.1111111111111111
Generation # 25  Max Fitness: 0.125
New Best Fitness
Generation # 26  Max Fitness: 0.125
Generation # 27  Max Fitness: 0.125
Generation # 28  Max Fitness: 0.125
Generation # 29  Max Fitness: 0.125
Generation # 30  Max Fitness: 0.125
Generation # 31  Max Fitness: 0.125
Generation # 32  Max Fitness: 0.125
Generation # 33  Max Fitness: 0.125
Generation # 34  Max Fitness: 0.125
Generation # 35  Max Fitness: 0.125
Generation # 36  Max Fitness: 0.125
Generation # 37  Max Fitness: 0.125
Generation # 38  Max Fitness: 0.125
Generation # 39  Max Fitness: 0.125
Generation # 40  Max Fitness: 0.125
Generation # 41  Max Fitness: 0.125
Generation # 42  Max Fitness: 0.125
Generation # 43  Max Fitness: 0.125
Generation # 44  Max Fitness: 0.125
Generation # 45  Max Fitness: 0.125
Generation # 46  Max Fitness: 0.125
Generation # 47  Max Fitness: 0.125
Generation # 48  Max Fitness: 0.125
Generation # 49  Max Fitness: 0.125
[[6.04353549]
 [2.44105415]
 [4.33529618]
 [4.90774775]
 [5.69068699]
 [4.28231492]
 [4.18487652]
 [0.37233727]
 [6.14685994]
 [1.08641449]] 
 [[2.04044768]
 [0.25518424]
 [0.65045652]
 [1.1162593 ]
 [1.75333551]
 [0.60734576]
 [0.52806031]
 [1.90722201]
 [2.12452259]
 [1.33697359]]
Accuracy:  100.0 %
{(5, 2), (5, 0), (5, 3), (8, 6), (1, 0), (4, 1), (6, 5), (8, 4)} Learning Rate: 0.034833528101444244
Replaced  0.1  with  0.125
7 <= node_count < 9
Population: 7  Node Count: 7
0.0030371328 0.0030371328
Generation # 0  Max Fitness: 0.09090909090909091
New Best Fitness
Generation # 1  Max Fitness: 0.09090909090909091
Generation # 2  Max Fitness: 0.09090909090909091
Generation # 3  Max Fitness: 0.1
New Best Fitness
Generation # 4  Max Fitness: 0.1
Generation # 5  Max Fitness: 0.1
Generation # 6  Max Fitness: 0.1
Generation # 7  Max Fitness: 0.1
Generation # 8  Max Fitness: 0.1
Generation # 9  Max Fitness: 0.1
Generation # 10  Max Fitness: 0.1
Generation # 11  Max Fitness: 0.1
Generation # 12  Max Fitness: 0.1
Generation # 13  Max Fitness: 0.1
Generation # 14  Max Fitness: 0.1111111111111111
New Best Fitness
Generation # 15  Max Fitness: 0.1111111111111111
Generation # 16  Max Fitness: 0.1111111111111111
Generation # 17  Max Fitness: 0.1111111111111111
Generation # 18  Max Fitness: 0.1111111111111111
Generation # 19  Max Fitness: 0.1111111111111111
Generation # 20  Max Fitness: 0.1111111111111111
Generation # 21  Max Fitness: 0.1111111111111111
Generation # 22  Max Fitness: 0.1111111111111111
Generation # 23  Max Fitness: 0.1111111111111111
Generation # 24  Max Fitness: 0.1111111111111111
Generation # 25  Max Fitness: 0.1111111111111111
Generation # 26  Max Fitness: 0.1111111111111111
Generation # 27  Max Fitness: 0.1111111111111111
Generation # 28  Max Fitness: 0.1111111111111111
Generation # 29  Max Fitness: 0.1111111111111111
Generation # 30  Max Fitness: 0.1111111111111111
Generation # 31  Max Fitness: 0.1111111111111111
Generation # 32  Max Fitness: 0.1111111111111111
Generation # 33  Max Fitness: 0.1111111111111111
Generation # 34  Max Fitness: 0.1111111111111111
Generation # 35  Max Fitness: 0.1111111111111111
Generation # 36  Max Fitness: 0.1111111111111111
Generation # 37  Max Fitness: 0.1111111111111111
Generation # 38  Max Fitness: 0.1111111111111111
Generation # 39  Max Fitness: 0.1111111111111111
Generation # 40  Max Fitness: 0.1111111111111111
Generation # 41  Max Fitness: 0.1111111111111111
Generation # 42  Max Fitness: 0.1111111111111111
Generation # 43  Max Fitness: 0.1111111111111111
Generation # 44  Max Fitness: 0.1111111111111111
Generation # 45  Max Fitness: 0.1111111111111111
Generation # 46  Max Fitness: 0.1111111111111111
Generation # 47  Max Fitness: 0.1111111111111111
Generation # 48  Max Fitness: 0.1111111111111111
Generation # 49  Max Fitness: 0.1111111111111111
[[6.04353549]
 [2.44105415]
 [4.33529618]
 [4.90774775]
 [5.69068699]
 [4.28231492]
 [4.18487652]
 [0.37233727]
 [6.14685994]
 [1.08641449]] 
 [[2.05807236]
 [0.25731567]
 [0.66262958]
 [1.13025927]
 [1.76983412]
 [0.61934975]
 [0.53975333]
 [1.91899223]
 [2.14247703]
 [1.3454167 ]]
Accuracy:  100.0 %
{(5, 2), (4, 0), (2, 0), (6, 2), (5, 1), (1, 0), (4, 1), (6, 5), (5, 3)} Learning Rate: 0.062382809817790985
6 <= node_count < 7
Population: 8  Node Count: 6
0.004437608200000001 0.004437608200000001
Generation # 0  Max Fitness: 0.011358142857142857
New Best Fitness
Generation # 1  Max Fitness: 0.014004612
New Best Fitness
Generation # 2  Max Fitness: 0.028449763888888886
New Best Fitness
Generation # 3  Max Fitness: 0.028449763888888886
Generation # 4  Max Fitness: 0.028449763888888886
Generation # 5  Max Fitness: 0.028449763888888886
Generation # 6  Max Fitness: 0.2
New Best Fitness
Generation # 7  Max Fitness: 0.2
Generation # 8  Max Fitness: 0.2
Generation # 9  Max Fitness: 0.2
Generation # 10  Max Fitness: 0.2
Generation # 11  Max Fitness: 0.2
Generation # 12  Max Fitness: 0.2
Generation # 13  Max Fitness: 0.2
Generation # 14  Max Fitness: 0.2
Generation # 15  Max Fitness: 0.2
Generation # 16  Max Fitness: 0.2
Generation # 17  Max Fitness: 0.2
Generation # 18  Max Fitness: 0.2
Generation # 19  Max Fitness: 0.2
Generation # 20  Max Fitness: 0.2
Generation # 21  Max Fitness: 0.2
Generation # 22  Max Fitness: 0.2
Generation # 23  Max Fitness: 0.16666666666666666
Generation # 24  Max Fitness: 0.16666666666666666
Generation # 25  Max Fitness: 0.16666666666666666
Generation # 26  Max Fitness: 0.16666666666666666
Generation # 27  Max Fitness: 0.16666666666666666
Generation # 28  Max Fitness: 0.16666666666666666
Generation # 29  Max Fitness: 0.16666666666666666
Generation # 30  Max Fitness: 0.16666666666666666
Generation # 31  Max Fitness: 0.16666666666666666
Generation # 32  Max Fitness: 0.16666666666666666
Generation # 33  Max Fitness: 0.16666666666666666
Generation # 34  Max Fitness: 0.16666666666666666
Generation # 35  Max Fitness: 0.16666666666666666
Generation # 36  Max Fitness: 0.16666666666666666
Generation # 37  Max Fitness: 0.16666666666666666
Generation # 38  Max Fitness: 0.16666666666666666
Generation # 39  Max Fitness: 0.16666666666666666
Generation # 40  Max Fitness: 0.16666666666666666
Generation # 41  Max Fitness: 0.16666666666666666
Generation # 42  Max Fitness: 0.16666666666666666
Generation # 43  Max Fitness: 0.16666666666666666
Generation # 44  Max Fitness: 0.16666666666666666
Generation # 45  Max Fitness: 0.16666666666666666
Generation # 46  Max Fitness: 0.16666666666666666
Generation # 47  Max Fitness: 0.16666666666666666
Generation # 48  Max Fitness: 0.16666666666666666
Generation # 49  Max Fitness: 0.16666666666666666
[[6.04353549]
 [2.44105415]
 [4.33529618]
 [4.90774775]
 [5.69068699]
 [4.28231492]
 [4.18487652]
 [0.37233727]
 [6.14685994]
 [1.08641449]] 
 [[-0.02312355]
 [ 0.33529748]
 [-0.0105688 ]
 [-0.01477605]
 [-0.02053028]
 [-0.01017941]
 [-0.00946329]
 [ 1.85570579]
 [-0.02388293]
 [ 1.33089307]]
Accuracy:  62.727999999999994 %
{(3, 1), (2, 0), (5, 0), (1, 0), (5, 3)} Learning Rate: 0.04711512103676796
6 <= node_count < 7
Population: 9  Node Count: 6
0.004507785142857143 0.004507785142857143
Generation # 0  Max Fitness: 0.04267464583333333
New Best Fitness
Generation # 1  Max Fitness: 0.1111111111111111
New Best Fitness
Generation # 2  Max Fitness: 0.04267464583333333
Generation # 3  Max Fitness: 0.04267464583333333
Generation # 4  Max Fitness: 0.14285714285714285
New Best Fitness
Generation # 5  Max Fitness: 0.14285714285714285
Generation # 6  Max Fitness: 0.14285714285714285
Generation # 7  Max Fitness: 0.14285714285714285
Generation # 8  Max Fitness: 0.14285714285714285
Generation # 9  Max Fitness: 0.14285714285714285
Generation # 10  Max Fitness: 0.14285714285714285
Generation # 11  Max Fitness: 0.14285714285714285
Generation # 12  Max Fitness: 0.14285714285714285
Generation # 13  Max Fitness: 0.14285714285714285
Generation # 14  Max Fitness: 0.14285714285714285
Generation # 15  Max Fitness: 0.14285714285714285
Generation # 16  Max Fitness: 0.14285714285714285
Generation # 17  Max Fitness: 0.14285714285714285
Generation # 18  Max Fitness: 0.14285714285714285
Generation # 19  Max Fitness: 0.14285714285714285
Generation # 20  Max Fitness: 0.14285714285714285
Generation # 21  Max Fitness: 0.05120957499999999
Generation # 22  Max Fitness: 0.14285714285714285
Generation # 23  Max Fitness: 0.14285714285714285
Generation # 24  Max Fitness: 0.14285714285714285
Generation # 25  Max Fitness: 0.14285714285714285
Generation # 26  Max Fitness: 0.14285714285714285
Generation # 27  Max Fitness: 0.14285714285714285
Generation # 28  Max Fitness: 0.14285714285714285
Generation # 29  Max Fitness: 0.14285714285714285
Generation # 30  Max Fitness: 0.14285714285714285
Generation # 31  Max Fitness: 0.14285714285714285
Generation # 32  Max Fitness: 0.14285714285714285
Generation # 33  Max Fitness: 0.14285714285714285
Generation # 34  Max Fitness: 0.14285714285714285
Generation # 35  Max Fitness: 0.14285714285714285
Generation # 36  Max Fitness: 0.14285714285714285
Generation # 37  Max Fitness: 0.14285714285714285
Generation # 38  Max Fitness: 0.14285714285714285
Generation # 39  Max Fitness: 0.14285714285714285
Generation # 40  Max Fitness: 0.14285714285714285
Generation # 41  Max Fitness: 0.14285714285714285
Generation # 42  Max Fitness: 0.14285714285714285
Generation # 43  Max Fitness: 0.14285714285714285
Generation # 44  Max Fitness: 0.14285714285714285
Generation # 45  Max Fitness: 0.14285714285714285
Generation # 46  Max Fitness: 0.14285714285714285
Generation # 47  Max Fitness: 0.14285714285714285
Generation # 48  Max Fitness: 0.14285714285714285
Generation # 49  Max Fitness: 0.14285714285714285
[[6.04353549]
 [2.44105415]
 [4.33529618]
 [4.90774775]
 [5.69068699]
 [4.28231492]
 [4.18487652]
 [0.37233727]
 [6.14685994]
 [1.08641449]] 
 [[-inf]
 [-inf]
 [-inf]
 [-inf]
 [-inf]
 [-inf]
 [-inf]
 [-inf]
 [-inf]
 [-inf]]
Accuracy:  0.0 %
{(5, 4), (3, 2), (2, 0), (5, 0), (4, 3), (4, 2), (1, 0)} Learning Rate: 0.04938722774386406
6 <= node_count < 7
Population: 10  Node Count: 6
0.0037376279999999985 0.0037376279999999985
Generation # 0  Max Fitness: 0.09090909090909091
New Best Fitness
Generation # 1  Max Fitness: 0.09090909090909091
Generation # 2  Max Fitness: 0.1111111111111111
New Best Fitness
Generation # 3  Max Fitness: 0.1111111111111111
Generation # 4  Max Fitness: 0.1111111111111111
Generation # 5  Max Fitness: 0.125
New Best Fitness
Generation # 6  Max Fitness: 0.125
Generation # 7  Max Fitness: 0.125
Generation # 8  Max Fitness: 0.125
Generation # 9  Max Fitness: 0.125
Generation # 10  Max Fitness: 0.125
Generation # 11  Max Fitness: 0.1111111111111111
Generation # 12  Max Fitness: 0.1111111111111111
Generation # 13  Max Fitness: 0.1111111111111111
Generation # 14  Max Fitness: 0.1111111111111111
Generation # 15  Max Fitness: 0.1111111111111111
Generation # 16  Max Fitness: 0.125
Generation # 17  Max Fitness: 0.125
Generation # 18  Max Fitness: 0.125
Generation # 19  Max Fitness: 0.125
Generation # 20  Max Fitness: 0.125
Generation # 21  Max Fitness: 0.125
Generation # 22  Max Fitness: 0.125
Generation # 23  Max Fitness: 0.125
Generation # 24  Max Fitness: 0.125
Generation # 25  Max Fitness: 0.125
Generation # 26  Max Fitness: 0.125
Generation # 27  Max Fitness: 0.1111111111111111
Generation # 28  Max Fitness: 0.09090909090909091
Generation # 29  Max Fitness: 0.09090909090909091
Generation # 30  Max Fitness: 0.09090909090909091
Generation # 31  Max Fitness: 0.09090909090909091
Generation # 32  Max Fitness: 0.09090909090909091
Generation # 33  Max Fitness: 0.09090909090909091
Generation # 34  Max Fitness: 0.1111111111111111
Generation # 35  Max Fitness: 0.1111111111111111
Generation # 36  Max Fitness: 0.1111111111111111
Generation # 37  Max Fitness: 0.1111111111111111
Generation # 38  Max Fitness: 0.1111111111111111
Generation # 39  Max Fitness: 0.1111111111111111
Generation # 40  Max Fitness: 0.09090909090909091
Generation # 41  Max Fitness: 0.1
Generation # 42  Max Fitness: 0.1
Generation # 43  Max Fitness: 0.1
Generation # 44  Max Fitness: 0.1
Generation # 45  Max Fitness: 0.1
Generation # 46  Max Fitness: 0.1111111111111111
Generation # 47  Max Fitness: 0.1111111111111111
Generation # 48  Max Fitness: 0.1111111111111111
Generation # 49  Max Fitness: 0.1111111111111111
[[6.04353549]
 [2.44105415]
 [4.33529618]
 [4.90774775]
 [5.69068699]
 [4.28231492]
 [4.18487652]
 [0.37233727]
 [6.14685994]
 [1.08641449]] 
 [[inf]
 [inf]
 [inf]
 [inf]
 [inf]
 [inf]
 [inf]
 [inf]
 [inf]
 [inf]]
Accuracy:  0.0 %
{(5, 4), (4, 1), (3, 0), (3, 1), (4, 2), (1, 0), (5, 2), (5, 3)} Learning Rate: 0.007536173798143864
6 <= node_count < 7
Population: 11  Node Count: 6
0.0038989426666666653 0.0038989426666666653
Generation # 0  Max Fitness: 0.008000000000000002
New Best Fitness
Generation # 1  Max Fitness: 0.14285714285714285
New Best Fitness
Generation # 2  Max Fitness: 0.14285714285714285
Generation # 3  Max Fitness: 0.14285714285714285
Generation # 4  Max Fitness: 0.14285714285714285
Generation # 5  Max Fitness: 0.14285714285714285
Generation # 6  Max Fitness: 0.14285714285714285
Generation # 7  Max Fitness: 0.14285714285714285
Generation # 8  Max Fitness: 0.14285714285714285
Generation # 9  Max Fitness: 0.14285714285714285
Generation # 10  Max Fitness: 0.14285714285714285
Generation # 11  Max Fitness: 0.14285714285714285
Generation # 12  Max Fitness: 0.14285714285714285
Generation # 13  Max Fitness: 0.14285714285714285
Generation # 14  Max Fitness: 0.14285714285714285
Generation # 15  Max Fitness: 0.14285714285714285
Generation # 16  Max Fitness: 0.14285714285714285
Generation # 17  Max Fitness: 0.14285714285714285
Generation # 18  Max Fitness: 0.14285714285714285
Generation # 19  Max Fitness: 0.14285714285714285
Generation # 20  Max Fitness: 0.14285714285714285
Generation # 21  Max Fitness: 0.14285714285714285
Generation # 22  Max Fitness: 0.125
Generation # 23  Max Fitness: 0.125
Generation # 24  Max Fitness: 0.125
Generation # 25  Max Fitness: 0.125
Generation # 26  Max Fitness: 0.125
Generation # 27  Max Fitness: 0.125
Generation # 28  Max Fitness: 0.125
Generation # 29  Max Fitness: 0.125
Generation # 30  Max Fitness: 0.125
Generation # 31  Max Fitness: 0.125
Generation # 32  Max Fitness: 0.125
Generation # 33  Max Fitness: 0.125
Generation # 34  Max Fitness: 0.125
Generation # 35  Max Fitness: 0.125
Generation # 36  Max Fitness: 0.125
Generation # 37  Max Fitness: 0.125
Generation # 38  Max Fitness: 0.125
Generation # 39  Max Fitness: 0.125
Generation # 40  Max Fitness: 0.125
Generation # 41  Max Fitness: 0.125
Generation # 42  Max Fitness: 0.125
Generation # 43  Max Fitness: 0.125
Generation # 44  Max Fitness: 0.125
Generation # 45  Max Fitness: 0.125
Generation # 46  Max Fitness: 0.125
Generation # 47  Max Fitness: 0.125
Generation # 48  Max Fitness: 0.125
Generation # 49  Max Fitness: 0.125
[[6.04353549]
 [2.44105415]
 [4.33529618]
 [4.90774775]
 [5.69068699]
 [4.28231492]
 [4.18487652]
 [0.37233727]
 [6.14685994]
 [1.08641449]] 
 [[nan]
 [nan]
 [nan]
 [nan]
 [nan]
 [nan]
 [nan]
 [nan]
 [nan]
 [nan]]
Accuracy:  0.0 %
{(3, 1), (2, 1), (5, 0), (4, 2), (1, 0), (5, 2), (5, 3)} Learning Rate: 0.03698169067502022
6 <= node_count < 7
Population: 12  Node Count: 6
0.004390400000000001 0.004390400000000001
Generation # 0  Max Fitness: 0.04267464583333333
New Best Fitness
Generation # 1  Max Fitness: 0.1111111111111111
New Best Fitness
Generation # 2  Max Fitness: 0.1111111111111111
Generation # 3  Max Fitness: 0.1111111111111111
Generation # 4  Max Fitness: 0.1111111111111111
Generation # 5  Max Fitness: 0.1111111111111111
Generation # 6  Max Fitness: 0.1111111111111111
Generation # 7  Max Fitness: 0.1111111111111111
Generation # 8  Max Fitness: 0.1111111111111111
Generation # 9  Max Fitness: 0.1111111111111111
Generation # 10  Max Fitness: 0.1111111111111111
Generation # 11  Max Fitness: 0.1111111111111111
Generation # 12  Max Fitness: 0.1111111111111111
Generation # 13  Max Fitness: 0.1111111111111111
Generation # 14  Max Fitness: 0.1111111111111111
Generation # 15  Max Fitness: 0.1111111111111111
Generation # 16  Max Fitness: 0.1111111111111111
Generation # 17  Max Fitness: 0.1111111111111111
Generation # 18  Max Fitness: 0.16666666666666666
New Best Fitness
Generation # 19  Max Fitness: 0.16666666666666666
Generation # 20  Max Fitness: 0.16666666666666666
Generation # 21  Max Fitness: 0.16666666666666666
Generation # 22  Max Fitness: 0.16666666666666666
Generation # 23  Max Fitness: 0.16666666666666666
Generation # 24  Max Fitness: 0.16666666666666666
Generation # 25  Max Fitness: 0.16666666666666666
Generation # 26  Max Fitness: 0.16666666666666666
Generation # 27  Max Fitness: 0.16666666666666666
Generation # 28  Max Fitness: 0.16666666666666666
Generation # 29  Max Fitness: 0.16666666666666666
Generation # 30  Max Fitness: 0.16666666666666666
Generation # 31  Max Fitness: 0.16666666666666666
Generation # 32  Max Fitness: 0.16666666666666666
Generation # 33  Max Fitness: 0.16666666666666666
Generation # 34  Max Fitness: 0.16666666666666666
Generation # 35  Max Fitness: 0.16666666666666666
Generation # 36  Max Fitness: 0.16666666666666666
Generation # 37  Max Fitness: 0.16666666666666666
Generation # 38  Max Fitness: 0.16666666666666666
Generation # 39  Max Fitness: 0.16666666666666666
Generation # 40  Max Fitness: 0.16666666666666666
Generation # 41  Max Fitness: 0.16666666666666666
Generation # 42  Max Fitness: 0.16666666666666666
Generation # 43  Max Fitness: 0.16666666666666666
Generation # 44  Max Fitness: 0.16666666666666666
Generation # 45  Max Fitness: 0.16666666666666666
Generation # 46  Max Fitness: 0.16666666666666666
Generation # 47  Max Fitness: 0.16666666666666666
Generation # 48  Max Fitness: 0.16666666666666666
Generation # 49  Max Fitness: 0.16666666666666666
[[6.04353549]
 [2.44105415]
 [4.33529618]
 [4.90774775]
 [5.69068699]
 [4.28231492]
 [4.18487652]
 [0.37233727]
 [6.14685994]
 [1.08641449]] 
 [[2.03291941]
 [0.26210862]
 [0.65030563]
 [1.11363616]
 [1.74733109]
 [0.60742369]
 [0.52855904]
 [1.92039935]
 [2.1165481 ]
 [1.34799253]]
Accuracy:  100.0 %
{(4, 1), (3, 1), (2, 1), (1, 0), (5, 2), (5, 3)} Learning Rate: 0.015198891051113605
Replaced  0.125  with  0.16666666666666666
5 <= node_count < 6
Population: 13  Node Count: 5
0.016854 0.016854
Generation # 0  Max Fitness: 0.2016125
New Best Fitness
Generation # 1  Max Fitness: 0.2016125
Generation # 2  Max Fitness: 0.2016125
Generation # 3  Max Fitness: 0.2016125
Generation # 4  Max Fitness: 0.2016125
Generation # 5  Max Fitness: 0.403225
New Best Fitness
Generation # 6  Max Fitness: 0.403225
Generation # 7  Max Fitness: 0.403225
Generation # 8  Max Fitness: 0.403225
Generation # 9  Max Fitness: 0.403225
Generation # 10  Max Fitness: 0.403225
Generation # 11  Max Fitness: 0.403225
Generation # 12  Max Fitness: 0.403225
Generation # 13  Max Fitness: 0.403225
Generation # 14  Max Fitness: 0.403225
Generation # 15  Max Fitness: 0.403225
Generation # 16  Max Fitness: 0.403225
Generation # 17  Max Fitness: 0.403225
Generation # 18  Max Fitness: 0.403225
Generation # 19  Max Fitness: 0.403225
Generation # 20  Max Fitness: 0.403225
Generation # 21  Max Fitness: 0.403225
Generation # 22  Max Fitness: 0.403225
Generation # 23  Max Fitness: 0.403225
Generation # 24  Max Fitness: 0.403225
Generation # 25  Max Fitness: 0.403225
Generation # 26  Max Fitness: 0.403225
Generation # 27  Max Fitness: 0.403225
Generation # 28  Max Fitness: 0.403225
Generation # 29  Max Fitness: 0.403225
Generation # 30  Max Fitness: 0.403225
Generation # 31  Max Fitness: 0.403225
Generation # 32  Max Fitness: 0.403225
Generation # 33  Max Fitness: 0.403225
Generation # 34  Max Fitness: 0.403225
Generation # 35  Max Fitness: 0.403225
Generation # 36  Max Fitness: 0.403225
Generation # 37  Max Fitness: 0.403225
Generation # 38  Max Fitness: 0.403225
Generation # 39  Max Fitness: 0.403225
Generation # 40  Max Fitness: 0.403225
Generation # 41  Max Fitness: 0.403225
Generation # 42  Max Fitness: 0.403225
Generation # 43  Max Fitness: 0.403225
Generation # 44  Max Fitness: 0.403225
Generation # 45  Max Fitness: 0.403225
Generation # 46  Max Fitness: 0.403225
Generation # 47  Max Fitness: 0.403225
Generation # 48  Max Fitness: 0.403225
Generation # 49  Max Fitness: 0.403225
[[6.04353549]
 [2.44105415]
 [4.33529618]
 [4.90774775]
 [5.69068699]
 [4.28231492]
 [4.18487652]
 [0.37233727]
 [6.14685994]
 [1.08641449]] 
 [[-0.02346982]
 [ 0.33781583]
 [-0.01073894]
 [-0.01500521]
 [-0.02084017]
 [-0.01034409]
 [-0.00961791]
 [ 1.87955508]
 [-0.02423986]
 [ 1.34737937]]
Accuracy:  62.727999999999994 %
{(4, 0)} Learning Rate: 0.11258706450462341
5 <= node_count < 6
Population: 14  Node Count: 5
0.020735999999999997 0.020735999999999997
Generation # 0  Max Fitness: 0.1936512
New Best Fitness
Generation # 1  Max Fitness: 0.403225
New Best Fitness
Generation # 2  Max Fitness: 0.403225
Generation # 3  Max Fitness: 0.403225
Generation # 4  Max Fitness: 0.403225
Generation # 5  Max Fitness: 0.403225
Generation # 6  Max Fitness: 0.403225
Generation # 7  Max Fitness: 0.403225
Generation # 8  Max Fitness: 0.403225
Generation # 9  Max Fitness: 0.403225
Generation # 10  Max Fitness: 0.403225
Generation # 11  Max Fitness: 0.403225
Generation # 12  Max Fitness: 0.403225
Generation # 13  Max Fitness: 0.403225
Generation # 14  Max Fitness: 0.403225
Generation # 15  Max Fitness: 0.403225
Generation # 16  Max Fitness: 0.403225
Generation # 17  Max Fitness: 0.403225
Generation # 18  Max Fitness: 0.403225
Generation # 19  Max Fitness: 0.403225
Generation # 20  Max Fitness: 0.403225
Generation # 21  Max Fitness: 0.403225
Generation # 22  Max Fitness: 0.403225
Generation # 23  Max Fitness: 0.403225
Generation # 24  Max Fitness: 0.403225
Generation # 25  Max Fitness: 0.403225
Generation # 26  Max Fitness: 0.403225
Generation # 27  Max Fitness: 0.403225
Generation # 28  Max Fitness: 0.403225
Generation # 29  Max Fitness: 0.403225
Generation # 30  Max Fitness: 0.403225
Generation # 31  Max Fitness: 0.403225
Generation # 32  Max Fitness: 0.403225
Generation # 33  Max Fitness: 0.403225
Generation # 34  Max Fitness: 0.403225
Generation # 35  Max Fitness: 0.403225
Generation # 36  Max Fitness: 0.403225
Generation # 37  Max Fitness: 0.403225
Generation # 38  Max Fitness: 0.403225
Generation # 39  Max Fitness: 0.403225
Generation # 40  Max Fitness: 0.403225
Generation # 41  Max Fitness: 0.403225
Generation # 42  Max Fitness: 0.403225
Generation # 43  Max Fitness: 0.403225
Generation # 44  Max Fitness: 0.403225
Generation # 45  Max Fitness: 0.403225
Generation # 46  Max Fitness: 0.403225
Generation # 47  Max Fitness: 0.403225
Generation # 48  Max Fitness: 0.403225
Generation # 49  Max Fitness: 0.403225
[[6.04353549]
 [2.44105415]
 [4.33529618]
 [4.90774775]
 [5.69068699]
 [4.28231492]
 [4.18487652]
 [0.37233727]
 [6.14685994]
 [1.08641449]] 
 [[0.7541742 ]
 [0.91682334]
 [0.83129984]
 [0.80545411]
 [0.77010503]
 [0.8336919 ]
 [0.83809116]
 [1.01022425]
 [0.74950918]
 [0.97798424]]
Accuracy:  20.491999999999997 %
{(4, 0)} Learning Rate: 0.09713506698608398
5 <= node_count < 6
Population: 15  Node Count: 5
0.015456800000000003 0.015456800000000003
Generation # 0  Max Fitness: 0.2
New Best Fitness
Generation # 1  Max Fitness: 0.2016125
New Best Fitness
Generation # 2  Max Fitness: 0.2016125
Generation # 3  Max Fitness: 0.2016125
Generation # 4  Max Fitness: 0.2016125
Generation # 5  Max Fitness: 0.2016125
Generation # 6  Max Fitness: 0.403225
New Best Fitness
Generation # 7  Max Fitness: 0.403225
Generation # 8  Max Fitness: 0.403225
Generation # 9  Max Fitness: 0.403225
Generation # 10  Max Fitness: 0.403225
Generation # 11  Max Fitness: 0.403225
Generation # 12  Max Fitness: 0.403225
Generation # 13  Max Fitness: 0.403225
Generation # 14  Max Fitness: 0.403225
Generation # 15  Max Fitness: 0.403225
Generation # 16  Max Fitness: 0.403225
Generation # 17  Max Fitness: 0.403225
Generation # 18  Max Fitness: 0.403225
Generation # 19  Max Fitness: 0.403225
Generation # 20  Max Fitness: 0.403225
Generation # 21  Max Fitness: 0.403225
Generation # 22  Max Fitness: 0.403225
Generation # 23  Max Fitness: 0.403225
Generation # 24  Max Fitness: 0.403225
Generation # 25  Max Fitness: 0.403225
Generation # 26  Max Fitness: 0.403225
Generation # 27  Max Fitness: 0.403225
Generation # 28  Max Fitness: 0.403225
Generation # 29  Max Fitness: 0.403225
Generation # 30  Max Fitness: 0.403225
Generation # 31  Max Fitness: 0.403225
Generation # 32  Max Fitness: 0.403225
Generation # 33  Max Fitness: 0.403225
Generation # 34  Max Fitness: 0.403225
Generation # 35  Max Fitness: 0.403225
Generation # 36  Max Fitness: 0.403225
Generation # 37  Max Fitness: 0.403225
Generation # 38  Max Fitness: 0.403225
Generation # 39  Max Fitness: 0.403225
Generation # 40  Max Fitness: 0.403225
Generation # 41  Max Fitness: 0.403225
Generation # 42  Max Fitness: 0.403225
Generation # 43  Max Fitness: 0.403225
Generation # 44  Max Fitness: 0.403225
Generation # 45  Max Fitness: 0.403225
Generation # 46  Max Fitness: 0.403225
Generation # 47  Max Fitness: 0.403225
Generation # 48  Max Fitness: 0.403225
Generation # 49  Max Fitness: 0.403225
[[6.04353549]
 [2.44105415]
 [4.33529618]
 [4.90774775]
 [5.69068699]
 [4.28231492]
 [4.18487652]
 [0.37233727]
 [6.14685994]
 [1.08641449]] 
 [[-0.02374247]
 [ 0.3156888 ]
 [-0.01098722]
 [-0.01526166]
 [-0.02110779]
 [-0.01059162]
 [-0.00986406]
 [ 1.86037861]
 [-0.02451399]
 [ 1.32718443]]
Accuracy:  62.727999999999994 %
{(4, 0)} Learning Rate: 0.10744273662567139
5 <= node_count < 6
Population: 16  Node Count: 5
0.015904799999999997 0.015904799999999997
Generation # 0  Max Fitness: 0.403225
New Best Fitness
Generation # 1  Max Fitness: 0.403225
Generation # 2  Max Fitness: 0.403225
Generation # 3  Max Fitness: 0.403225
Generation # 4  Max Fitness: 0.403225
Generation # 5  Max Fitness: 0.2
Generation # 6  Max Fitness: 0.2016125
Generation # 7  Max Fitness: 0.403225
Generation # 8  Max Fitness: 0.403225
Generation # 9  Max Fitness: 0.403225
Generation # 10  Max Fitness: 0.403225
Generation # 11  Max Fitness: 0.403225
Generation # 12  Max Fitness: 0.403225
Generation # 13  Max Fitness: 0.403225
Generation # 14  Max Fitness: 0.403225
Generation # 15  Max Fitness: 0.403225
Generation # 16  Max Fitness: 0.403225
Generation # 17  Max Fitness: 0.403225
Generation # 18  Max Fitness: 0.403225
Generation # 19  Max Fitness: 0.403225
Generation # 20  Max Fitness: 0.403225
Generation # 21  Max Fitness: 0.403225
Generation # 22  Max Fitness: 0.403225
Generation # 23  Max Fitness: 0.403225
Generation # 24  Max Fitness: 0.403225
Generation # 25  Max Fitness: 0.403225
Generation # 26  Max Fitness: 0.403225
Generation # 27  Max Fitness: 0.403225
Generation # 28  Max Fitness: 0.403225
Generation # 29  Max Fitness: 0.403225
Generation # 30  Max Fitness: 0.403225
Generation # 31  Max Fitness: 0.403225
Generation # 32  Max Fitness: 0.403225
Generation # 33  Max Fitness: 0.403225
Generation # 34  Max Fitness: 0.403225
Generation # 35  Max Fitness: 0.403225
Generation # 36  Max Fitness: 0.403225
Generation # 37  Max Fitness: 0.403225
Generation # 38  Max Fitness: 0.403225
Generation # 39  Max Fitness: 0.403225
Generation # 40  Max Fitness: 0.403225
Generation # 41  Max Fitness: 0.403225
Generation # 42  Max Fitness: 0.403225
Generation # 43  Max Fitness: 0.403225
Generation # 44  Max Fitness: 0.403225
Generation # 45  Max Fitness: 0.403225
Generation # 46  Max Fitness: 0.403225
Generation # 47  Max Fitness: 0.403225
Generation # 48  Max Fitness: 0.403225
Generation # 49  Max Fitness: 0.403225
[[6.04353549]
 [2.44105415]
 [4.33529618]
 [4.90774775]
 [5.69068699]
 [4.28231492]
 [4.18487652]
 [0.37233727]
 [6.14685994]
 [1.08641449]] 
 [[0.5454211 ]
 [0.83205321]
 [0.68133748]
 [0.63579026]
 [0.57349556]
 [0.68555295]
 [0.69330565]
 [0.99665106]
 [0.53720007]
 [0.93983537]]
Accuracy:  21.016000000000002 %
{(4, 0)} Learning Rate: 0.055723052471876144
5 <= node_count < 6
Population: 17  Node Count: 5
0.017941333333333333 0.017941333333333333
Generation # 0  Max Fitness: 0.403225
New Best Fitness
Generation # 1  Max Fitness: 0.403225
Generation # 2  Max Fitness: 0.403225
Generation # 3  Max Fitness: 0.403225
Generation # 4  Max Fitness: 0.403225
Generation # 5  Max Fitness: 0.403225
Generation # 6  Max Fitness: 0.403225
Generation # 7  Max Fitness: 0.403225
Generation # 8  Max Fitness: 0.403225
Generation # 9  Max Fitness: 0.403225
Generation # 10  Max Fitness: 0.403225
Generation # 11  Max Fitness: 0.403225
Generation # 12  Max Fitness: 0.403225
Generation # 13  Max Fitness: 0.403225
Generation # 14  Max Fitness: 0.403225
Generation # 15  Max Fitness: 0.403225
Generation # 16  Max Fitness: 0.403225
Generation # 17  Max Fitness: 0.403225
Generation # 18  Max Fitness: 0.403225
Generation # 19  Max Fitness: 0.403225
Generation # 20  Max Fitness: 0.403225
Generation # 21  Max Fitness: 0.403225
Generation # 22  Max Fitness: 0.403225
Generation # 23  Max Fitness: 0.403225
Generation # 24  Max Fitness: 0.403225
Generation # 25  Max Fitness: 0.403225
Generation # 26  Max Fitness: 0.403225
Generation # 27  Max Fitness: 0.403225
Generation # 28  Max Fitness: 0.403225
Generation # 29  Max Fitness: 0.403225
Generation # 30  Max Fitness: 0.403225
Generation # 31  Max Fitness: 0.403225
Generation # 32  Max Fitness: 0.403225
Generation # 33  Max Fitness: 0.403225
Generation # 34  Max Fitness: 0.403225
Generation # 35  Max Fitness: 0.403225
Generation # 36  Max Fitness: 0.403225
Generation # 37  Max Fitness: 0.403225
Generation # 38  Max Fitness: 0.403225
Generation # 39  Max Fitness: 0.403225
Generation # 40  Max Fitness: 0.403225
Generation # 41  Max Fitness: 0.403225
Generation # 42  Max Fitness: 0.403225
Generation # 43  Max Fitness: 0.403225
Generation # 44  Max Fitness: 0.403225
Generation # 45  Max Fitness: 0.403225
Generation # 46  Max Fitness: 0.403225
Generation # 47  Max Fitness: 0.403225
Generation # 48  Max Fitness: 0.403225
Generation # 49  Max Fitness: 0.403225
[[6.04353549]
 [2.44105415]
 [4.33529618]
 [4.90774775]
 [5.69068699]
 [4.28231492]
 [4.18487652]
 [0.37233727]
 [6.14685994]
 [1.08641449]] 
 [[-0.02355825]
 [ 0.33123862]
 [-0.01081662]
 [-0.0150865 ]
 [-0.02092638]
 [-0.01042144]
 [-0.00969465]
 [ 1.87427911]
 [-0.02432894]
 [ 1.34165424]]
Accuracy:  62.727999999999994 %
{(4, 0)} Learning Rate: 0.08908991515636444
5 <= node_count < 6
Population: 18  Node Count: 5
0.015792200000000003 0.015792200000000003
Generation # 0  Max Fitness: 0.080645
New Best Fitness
Generation # 1  Max Fitness: 0.097344
New Best Fitness
Generation # 2  Max Fitness: 0.403225
New Best Fitness
Generation # 3  Max Fitness: 0.403225
Generation # 4  Max Fitness: 0.403225
Generation # 5  Max Fitness: 0.403225
Generation # 6  Max Fitness: 0.403225
Generation # 7  Max Fitness: 0.403225
Generation # 8  Max Fitness: 0.403225
Generation # 9  Max Fitness: 0.403225
Generation # 10  Max Fitness: 0.403225
Generation # 11  Max Fitness: 0.403225
Generation # 12  Max Fitness: 0.403225
Generation # 13  Max Fitness: 0.403225
Generation # 14  Max Fitness: 0.403225
Generation # 15  Max Fitness: 0.403225
Generation # 16  Max Fitness: 0.403225
Generation # 17  Max Fitness: 0.403225
Generation # 18  Max Fitness: 0.403225
Generation # 19  Max Fitness: 0.403225
Generation # 20  Max Fitness: 0.403225
Generation # 21  Max Fitness: 0.403225
Generation # 22  Max Fitness: 0.403225
Generation # 23  Max Fitness: 0.403225
Generation # 24  Max Fitness: 0.403225
Generation # 25  Max Fitness: 0.403225
Generation # 26  Max Fitness: 0.403225
Generation # 27  Max Fitness: 0.403225
Generation # 28  Max Fitness: 0.403225
Generation # 29  Max Fitness: 0.403225
Generation # 30  Max Fitness: 0.403225
Generation # 31  Max Fitness: 0.403225
Generation # 32  Max Fitness: 0.403225
Generation # 33  Max Fitness: 0.403225
Generation # 34  Max Fitness: 0.403225
Generation # 35  Max Fitness: 0.403225
Generation # 36  Max Fitness: 0.403225
Generation # 37  Max Fitness: 0.403225
Generation # 38  Max Fitness: 0.403225
Generation # 39  Max Fitness: 0.403225
Generation # 40  Max Fitness: 0.403225
Generation # 41  Max Fitness: 0.403225
Generation # 42  Max Fitness: 0.403225
Generation # 43  Max Fitness: 0.403225
Generation # 44  Max Fitness: 0.403225
Generation # 45  Max Fitness: 0.403225
Generation # 46  Max Fitness: 0.403225
Generation # 47  Max Fitness: 0.403225
Generation # 48  Max Fitness: 0.403225
Generation # 49  Max Fitness: 0.403225
[[6.04353549]
 [2.44105415]
 [4.33529618]
 [4.90774775]
 [5.69068699]
 [4.28231492]
 [4.18487652]
 [0.37233727]
 [6.14685994]
 [1.08641449]] 
 [[-3.47370466]
 [-1.49270349]
 [-2.53434544]
 [-2.84913603]
 [-3.2796736 ]
 [-2.50521109]
 [-2.4516298 ]
 [-0.35511798]
 [-3.53052268]
 [-0.74778838]]
Accuracy:  0.0 %
{(3, 0), (4, 0)} Learning Rate: 0.06966997683048248
5 <= node_count < 6
Population: 19  Node Count: 5
0.014796800000000002 0.014796800000000002
Generation # 0  Max Fitness: 0.08520416666666665
New Best Fitness
Generation # 1  Max Fitness: 0.125
New Best Fitness
Generation # 2  Max Fitness: 0.125
Generation # 3  Max Fitness: 0.125
Generation # 4  Max Fitness: 0.2
New Best Fitness
Generation # 5  Max Fitness: 0.2
Generation # 6  Max Fitness: 0.2
Generation # 7  Max Fitness: 0.2
Generation # 8  Max Fitness: 0.2
Generation # 9  Max Fitness: 0.16666666666666666
Generation # 10  Max Fitness: 0.16666666666666666
Generation # 11  Max Fitness: 0.16666666666666666
Generation # 12  Max Fitness: 0.16666666666666666
Generation # 13  Max Fitness: 0.16666666666666666
Generation # 14  Max Fitness: 0.16666666666666666
Generation # 15  Max Fitness: 0.403225
New Best Fitness
Generation # 16  Max Fitness: 0.403225
Generation # 17  Max Fitness: 0.403225
Generation # 18  Max Fitness: 0.403225
Generation # 19  Max Fitness: 0.403225
Generation # 20  Max Fitness: 0.403225
Generation # 21  Max Fitness: 0.403225
Generation # 22  Max Fitness: 0.403225
Generation # 23  Max Fitness: 0.403225
Generation # 24  Max Fitness: 0.403225
Generation # 25  Max Fitness: 0.403225
Generation # 26  Max Fitness: 0.403225
Generation # 27  Max Fitness: 0.403225
Generation # 28  Max Fitness: 0.403225
Generation # 29  Max Fitness: 0.403225
Generation # 30  Max Fitness: 0.403225
Generation # 31  Max Fitness: 0.403225
Generation # 32  Max Fitness: 0.403225
Generation # 33  Max Fitness: 0.403225
Generation # 34  Max Fitness: 0.403225
Generation # 35  Max Fitness: 0.403225
Generation # 36  Max Fitness: 0.403225
Generation # 37  Max Fitness: 0.403225
Generation # 38  Max Fitness: 0.403225
Generation # 39  Max Fitness: 0.403225
Generation # 40  Max Fitness: 0.403225
Generation # 41  Max Fitness: 0.403225
Generation # 42  Max Fitness: 0.403225
Generation # 43  Max Fitness: 0.403225
Generation # 44  Max Fitness: 0.403225
Generation # 45  Max Fitness: 0.403225
Generation # 46  Max Fitness: 0.403225
Generation # 47  Max Fitness: 0.403225
Generation # 48  Max Fitness: 0.403225
Generation # 49  Max Fitness: 0.403225
[[6.04353549]
 [2.44105415]
 [4.33529618]
 [4.90774775]
 [5.69068699]
 [4.28231492]
 [4.18487652]
 [0.37233727]
 [6.14685994]
 [1.08641449]] 
 [[-0.02367091]
 [ 0.31481585]
 [-0.01095373]
 [-0.01521541]
 [-0.02104409]
 [-0.01055931]
 [-0.00983392]
 [ 1.85489475]
 [-0.02444012]
 [ 1.32329215]]
Accuracy:  62.727999999999994 %
{(4, 0)} Learning Rate: 0.14479029178619385
5 <= node_count < 6
1.0
6 6
